-1.1708587408065796e-05  ,  -2.6221387088298798e-05
9.13720577955246e-06  ,  8.09691846370697e-06
-1.008063554763794e-05  ,  -5.637388676404953e-05
3.92301008105278e-05  ,  5.017593502998352e-05
-2.7779489755630493e-05  ,  -7.078982889652252e-06
2.0079314708709717e-05  ,  3.376789391040802e-05
-3.885570913553238e-05  ,  -6.667338311672211e-06
3.962591290473938e-05  ,  -2.2819265723228455e-05
2.0400620996952057e-05  ,  4.5821070671081543e-07
1.3796612620353699e-05  ,  -1.4510005712509155e-05
-3.0114315450191498e-05  ,  -2.021249383687973e-05
-1.9594095647335052e-05  ,  -2.138875424861908e-05
-1.851748675107956e-05  ,  -3.32854688167572e-05
3.245007246732712e-05  ,  7.252208888530731e-05
-1.796521246433258e-06  ,  -2.1191313862800598e-05
5.5701471865177155e-05  ,  2.590194344520569e-05
-2.1938234567642212e-05  ,  -5.949102342128754e-05
5.972757935523987e-05  ,  -2.9199756681919098e-05
-3.4302473068237305e-05  ,  -3.053806722164154e-06
-1.720711588859558e-05  ,  -3.155507147312164e-05
-4.0967948734760284e-05  ,  1.38869509100914e-05
-2.876855432987213e-06  ,  4.011206328868866e-06
1.5056692063808441e-05  ,  -2.2197142243385315e-05
3.896094858646393e-05  ,  6.000138819217682e-05
-1.31167471408844e-05  ,  -5.5691227316856384e-05
3.683753311634064e-05  ,  -2.114754170179367e-05
-4.478171467781067e-05  ,  -7.37430527806282e-05
1.598149538040161e-05  ,  -2.277083694934845e-06
-5.484186112880707e-05  ,  2.0693987607955933e-05
5.337409675121307e-06  ,  1.160893589258194e-05
-1.5840865671634674e-05  ,  1.496821641921997e-05
4.394352436065674e-05  ,  -1.9876286387443542e-05
2.1161511540412903e-05  ,  -1.0639429092407227e-05
3.446824848651886e-06  ,  8.186325430870056e-06
-4.1729770600795746e-05  ,  -5.8774836361408234e-05
2.739951014518738e-06  ,  1.9446946680545807e-05
-3.993697464466095e-05  ,  -5.6724995374679565e-05
3.6228448152542114e-05  ,  3.8139522075653076e-05
-4.882644861936569e-05  ,  2.563372254371643e-05
1.1960044503211975e-05  ,  -1.3631768524646759e-05
-1.5859492123126984e-05  ,  8.279457688331604e-07
3.9820559322834015e-05  ,  -3.0899420380592346e-05
-6.124377250671387e-06  ,  1.4472752809524536e-05
-1.9185245037078857e-07  ,  -1.5404075384140015e-06
-5.1305629312992096e-05  ,  2.557411789894104e-05
7.900409400463104e-06  ,  -3.155414015054703e-05
-3.4570693969726562e-06  ,  2.285744994878769e-05
3.816187381744385e-05  ,  -7.674098014831543e-07
-1.8619932234287262e-05  ,  2.5860033929347992e-05
2.0097941160202026e-06  ,  -2.5394372642040253e-05
-2.903025597333908e-05  ,  -9.56561416387558e-06
2.174079418182373e-05  ,  -2.7797184884548187e-05
-1.654215157032013e-05  ,  4.653260111808777e-05
4.343688488006592e-06  ,  3.3248215913772583e-06
-2.9144808650016785e-05  ,  2.5295652449131012e-05
3.1208619475364685e-05  ,  -2.6395544409751892e-05
6.572343409061432e-06  ,  6.613321602344513e-06
2.8341077268123627e-05  ,  -1.114141196012497e-05
-3.8086436688899994e-05  ,  3.1820498406887054e-05
-8.116476237773895e-06  ,  -3.09748575091362e-05
-1.5781261026859283e-05  ,  1.9202008843421936e-05
4.264991730451584e-05  ,  -7.756054401397705e-06
1.1334195733070374e-06  ,  3.6871060729026794e-05
1.0999850928783417e-05  ,  -6.207264959812164e-06
-2.435874193906784e-05  ,  3.00724059343338e-06
2.1237879991531372e-05  ,  -5.608145147562027e-05
-1.1443160474300385e-05  ,  2.7408823370933533e-05
1.3889744877815247e-05  ,  3.4300610423088074e-06
-3.3352524042129517e-05  ,  3.420934081077576e-05
9.503215551376343e-06  ,  -1.9991770386695862e-05
6.693415343761444e-06  ,  2.1010637283325195e-06
4.640407860279083e-05  ,  -2.7155503630638123e-05
-1.0588206350803375e-05  ,  3.288686275482178e-05
-4.725530743598938e-06  ,  -3.0037015676498413e-05
-3.405008465051651e-05  ,  3.912486135959625e-06
2.0458362996578217e-05  ,  -2.343207597732544e-05
3.6777928471565247e-06  ,  3.346148878335953e-05
2.6570633053779602e-05  ,  3.5334378480911255e-06
-2.4516135454177856e-05  ,  2.0314939320087433e-05
1.125875860452652e-05  ,  -4.9768947064876556e-05
-3.3928081393241882e-06  ,  3.9869919419288635e-06
1.6843900084495544e-05  ,  -2.019014209508896e-05
-3.553926944732666e-05  ,  3.4916214644908905e-05
-7.858499884605408e-06  ,  -7.88085162639618e-06
-1.580268144607544e-05  ,  8.948147296905518e-06
3.860611468553543e-05  ,  -3.504287451505661e-05
9.763054549694061e-06  ,  3.249850124120712e-05
7.829628884792328e-06  ,  -2.442486584186554e-05
-3.896467387676239e-05  ,  9.381212294101715e-06
3.448687493801117e-06  ,  -3.563612699508667e-05
-4.727393388748169e-06  ,  1.6507692635059357e-05
2.093147486448288e-05  ,  3.7997961044311523e-06
-1.3639219105243683e-05  ,  5.337875336408615e-05
5.564652383327484e-06  ,  -3.904663026332855e-05
-1.3494864106178284e-05  ,  -4.650093615055084e-06
2.5017186999320984e-05  ,  -3.3115968108177185e-05
-1.2464821338653564e-05  ,  2.753082662820816e-05
-1.2159347534179688e-05  ,  -3.7495046854019165e-06
-3.844499588012695e-05  ,  2.6368536055088043e-05
1.7274171113967896e-05  ,  -3.5023316740989685e-05
1.4196150004863739e-05  ,  3.276020288467407e-05
2.990756183862686e-05  ,  -1.0934658348560333e-05
-2.5668181478977203e-05  ,  2.1548941731452942e-05
-6.278045475482941e-06  ,  -3.4689903259277344e-05
-1.850258558988571e-05  ,  5.109235644340515e-06
2.483464777469635e-05  ,  -1.3055279850959778e-05
-8.529052138328552e-06  ,  5.4644420742988586e-05
6.863847374916077e-07  ,  -9.628012776374817e-06
-8.271075785160065e-06  ,  1.4258548617362976e-05
3.1752511858940125e-05  ,  -4.365947097539902e-05
2.3655593395233154e-06  ,  1.1984258890151978e-05
1.6139820218086243e-06  ,  -5.566515028476715e-06
-3.721844404935837e-05  ,  3.5814009606838226e-05
-7.0678070187568665e-06  ,  -3.3546239137649536e-05
4.130415618419647e-06  ,  2.801883965730667e-05
3.739912062883377e-05  ,  -9.393319487571716e-06
-1.6512349247932434e-06  ,  3.382004797458649e-05
1.1511147022247314e-06  ,  -2.446398138999939e-05
-1.7935410141944885e-05  ,  -4.7674402594566345e-06
1.3537704944610596e-05  ,  -4.6407803893089294e-05
1.0086223483085632e-06  ,  4.681851714849472e-05
1.0042451322078705e-05  ,  1.0104849934577942e-06
-2.098921686410904e-05  ,  2.8461217880249023e-05
1.604948192834854e-05  ,  -3.5705044865608215e-05
1.4805234968662262e-05  ,  7.171183824539185e-07
2.7641654014587402e-05  ,  -2.581533044576645e-05
-2.3570843040943146e-05  ,  3.424752503633499e-05
-2.2524036467075348e-05  ,  -3.316905349493027e-05
-1.89291313290596e-05  ,  1.526065170764923e-05
2.9156915843486786e-05  ,  -2.289004623889923e-05
7.559545338153839e-06  ,  3.548711538314819e-05
1.1149793863296509e-05  ,  -1.0265037417411804e-05
-2.3227185010910034e-05  ,  6.289221346378326e-06
5.038455128669739e-06  ,  -5.914364010095596e-05
9.257346391677856e-07  ,  1.8212012946605682e-05
1.778826117515564e-06  ,  -9.574927389621735e-06
-2.579484134912491e-05  ,  4.3614767491817474e-05
1.1725351214408875e-06  ,  -2.0635314285755157e-05
4.732050001621246e-06  ,  3.184191882610321e-06
3.0345283448696136e-05  ,  -3.2481737434864044e-05
4.973262548446655e-07  ,  3.886967897415161e-05
-1.9295141100883484e-05  ,  -2.7895905077457428e-05
-3.811996430158615e-05  ,  1.4219433069229126e-05
8.083879947662354e-07  ,  -2.8709881007671356e-05
5.816109478473663e-06  ,  3.174692392349243e-05
1.6487203538417816e-05  ,  1.3541430234909058e-06
-1.3364478945732117e-05  ,  3.676023334264755e-05
-4.7711655497550964e-06  ,  -5.3476542234420776e-05
-2.9280781745910645e-06  ,  4.786066710948944e-06
1.6947276890277863e-05  ,  -2.2190622985363007e-05
-1.4825724065303802e-05  ,  4.6028755605220795e-05
-1.1477619409561157e-05  ,  9.909272193908691e-07
-1.3725832104682922e-05  ,  2.364441752433777e-05
2.9043294489383698e-05  ,  -3.517698496580124e-05
2.3142434656620026e-05  ,  3.3332034945487976e-05
5.727633833885193e-06  ,  -1.6854144632816315e-05
-2.8955750167369843e-05  ,  2.2122636437416077e-05
-9.070150554180145e-06  ,  -3.696698695421219e-05
-4.242174327373505e-06  ,  1.658312976360321e-05
2.3595988750457764e-05  ,  -1.4388933777809143e-06
1.4724209904670715e-06  ,  5.40316104888916e-05
-3.3918768167495728e-06  ,  -3.0650757253170013e-05
2.7157366275787354e-06  ,  2.4177134037017822e-06
2.3147091269493103e-05  ,  -4.3645501136779785e-05
-3.334134817123413e-07  ,  2.5591813027858734e-05
-8.046627044677734e-06  ,  -2.5900080800056458e-06
-2.269633114337921e-05  ,  3.1052157282829285e-05
4.89410012960434e-06  ,  -4.053395241498947e-05
3.080349415540695e-05  ,  2.7614645659923553e-05
2.9969029128551483e-05  ,  -2.0213425159454346e-05
-9.384937584400177e-06  ,  2.3558735847473145e-05
-1.721177250146866e-05  ,  -3.5285018384456635e-05
-1.4143995940685272e-05  ,  4.544854164123535e-07
8.249655365943909e-06  ,  -3.1927600502967834e-05
6.709247827529907e-06  ,  5.763303488492966e-05
-4.044733941555023e-06  ,  -1.086946576833725e-05
-1.0642223060131073e-05  ,  1.6919337213039398e-05
1.4415010809898376e-05  ,  -4.996173083782196e-05
8.470378816127777e-06  ,  3.916211426258087e-06
3.569759428501129e-06  ,  -1.785438507795334e-05
-2.844352275133133e-05  ,  3.5735778510570526e-05
-2.1803192794322968e-05  ,  -3.404449671506882e-05
6.000511348247528e-06  ,  1.6828998923301697e-05
2.544466406106949e-05  ,  -2.281181514263153e-05
9.558163583278656e-06  ,  3.545079380273819e-05
-5.370005965232849e-06  ,  -2.4332664906978607e-05
-2.344418317079544e-05  ,  1.5078112483024597e-06
-4.045665264129639e-06  ,  -4.482455551624298e-05
9.62521880865097e-06  ,  4.014745354652405e-05
-7.147900760173798e-06  ,  3.129243850708008e-07
-1.9681639969348907e-05  ,  4.271697252988815e-05
-7.189810276031494e-07  ,  -3.2456591725349426e-05
1.216307282447815e-05  ,  4.7497451305389404e-07
1.4475546777248383e-05  ,  -2.7076341211795807e-05
-8.340924978256226e-06  ,  4.1958875954151154e-05
-3.6193057894706726e-05  ,  -2.7193687856197357e-05
-1.5278346836566925e-05  ,  2.336595207452774e-05
2.0304694771766663e-05  ,  -2.346280962228775e-05
2.110842615365982e-05  ,  3.767386078834534e-05
9.924173355102539e-06  ,  -2.0042061805725098e-06
-9.527429938316345e-06  ,  2.360064536333084e-05
-1.1825934052467346e-05  ,  -5.7289376854896545e-05
6.9336965680122375e-06  ,  1.8693506717681885e-05
2.7120113372802734e-06  ,  -9.367242455482483e-06
-1.0788440704345703e-05  ,  5.162414163351059e-05
-8.441507816314697e-06  ,  -1.2417323887348175e-05
4.093162715435028e-06  ,  1.1603347957134247e-05
2.4762935936450958e-05  ,  -3.910530358552933e-05
1.860782504081726e-05  ,  3.418978303670883e-05
-1.655425876379013e-05  ,  -2.0907260477542877e-05
-2.2088177502155304e-05  ,  2.213846892118454e-05
-6.04335218667984e-06  ,  -3.318767994642258e-05
1.8722377717494965e-05  ,  2.77077779173851e-05
2.3581087589263916e-05  ,  -4.085712134838104e-06
5.677342414855957e-06  ,  3.758445382118225e-05
-1.499708741903305e-05  ,  -4.6669505536556244e-05
1.1504627764225006e-05  ,  -2.5564804673194885e-06
1.0413117706775665e-05  ,  -3.7478283047676086e-05
-1.7713755369186401e-06  ,  4.042685031890869e-05
-1.863855868577957e-05  ,  8.66129994392395e-08
-7.599592208862305e-06  ,  2.2018328309059143e-05
9.573996067047119e-06  ,  -4.334934055805206e-05
3.6881305277347565e-05  ,  2.546887844800949e-05
8.456408977508545e-07  ,  -2.5180168449878693e-05
-2.0470470190048218e-05  ,  2.2347085177898407e-05
-2.263486385345459e-05  ,  -4.000496119260788e-05
-2.6905909180641174e-06  ,  8.895061910152435e-06
1.2747012078762054e-05  ,  -1.537799835205078e-05
1.5414319932460785e-05  ,  5.248747766017914e-05
-1.1554919183254242e-05  ,  -2.497062087059021e-05
2.6794150471687317e-06  ,  3.5390257835388184e-06
5.279667675495148e-06  ,  -5.075428634881973e-05
5.6354328989982605e-06  ,  1.9288621842861176e-05
-1.2010335922241211e-05  ,  -6.466172635555267e-06
-2.146046608686447e-05  ,  3.765244036912918e-05
-1.6673468053340912e-05  ,  -3.448687493801117e-05
2.7381815016269684e-05  ,  2.1792948246002197e-05
1.549161970615387e-05  ,  -2.124067395925522e-05
-7.962808012962341e-07  ,  3.196578472852707e-05
-2.595316618680954e-05  ,  -2.8053298592567444e-05
-1.775100827217102e-05  ,  3.384426236152649e-06
-4.684552550315857e-06  ,  -3.163609653711319e-05
2.1112151443958282e-05  ,  5.047116428613663e-05
-1.3482756912708282e-05  ,  -3.351829946041107e-06
-3.38628888130188e-06  ,  2.5996007025241852e-05
2.709217369556427e-06  ,  -4.675332456827164e-05
2.0133331418037415e-05  ,  2.946704626083374e-06
-1.7601996660232544e-07  ,  -1.3152137398719788e-05
-1.0005198419094086e-05  ,  4.8599205911159515e-05
-3.756862133741379e-05  ,  -2.162996679544449e-05
1.0899268090724945e-05  ,  2.5848858058452606e-05
2.0203180611133575e-05  ,  -2.194475382566452e-05
2.3117288947105408e-05  ,  3.836676478385925e-05
-7.815659046173096e-06  ,  -1.6247853636741638e-05
-1.61733478307724e-05  ,  1.0078772902488708e-05
-1.6138888895511627e-05  ,  -4.7909095883369446e-05
1.811329275369644e-05  ,  3.0113384127616882e-05
-4.776753485202789e-06  ,  3.3527612686157227e-08
3.0836090445518494e-06  ,  4.717148840427399e-05
-4.567205905914307e-06  ,  -2.9851682484149933e-05
1.9659288227558136e-05  ,  8.800998330116272e-07
1.643504947423935e-05  ,  -3.576558083295822e-05
1.2456439435482025e-05  ,  3.626476973295212e-05
-3.569759428501129e-05  ,  -1.812167465686798e-05
-4.451721906661987e-06  ,  1.9972212612628937e-05
2.4847686290740967e-06  ,  -2.982746809720993e-05
3.1987205147743225e-05  ,  3.140140324831009e-05
1.0482966899871826e-05  ,  -5.820766091346741e-06
1.3029202818870544e-06  ,  1.9420869648456573e-05
-3.10773029923439e-05  ,  -5.3493306040763855e-05
1.6733072698116302e-05  ,  6.61797821521759e-06
-1.817941665649414e-06  ,  -1.9273720681667328e-05
1.214444637298584e-06  ,  4.844553768634796e-05
-1.7522834241390228e-05  ,  -7.691793143749237e-06
8.673407137393951e-06  ,  5.149282515048981e-06
1.0030344128608704e-05  ,  -4.81531023979187e-05
3.731902688741684e-05  ,  2.0631588995456696e-05
-2.2972002625465393e-05  ,  -2.3125670850276947e-05
-2.0498409867286682e-05  ,  2.207048237323761e-05
-2.3475848138332367e-05  ,  -3.289524465799332e-05
1.641456037759781e-05  ,  1.9292347133159637e-05
1.0618939995765686e-05  ,  -6.292015314102173e-06
1.5364959836006165e-05  ,  4.405062645673752e-05
-2.6390887796878815e-05  ,  -3.58065590262413e-05
6.766058504581451e-06  ,  -2.6337802410125732e-06
-7.770955562591553e-06  ,  -3.689620643854141e-05
6.596557796001434e-06  ,  3.9351172745227814e-05
-2.2736378014087677e-05  ,  3.861263394355774e-06
-8.163973689079285e-06  ,  2.8155744075775146e-05
-7.255002856254578e-06  ,  -3.8761645555496216e-05
3.8271769881248474e-05  ,  1.4174729585647583e-05
-4.307366907596588e-06  ,  -1.757405698299408e-05
-4.458241164684296e-06  ,  2.6384368538856506e-05
-3.4022144973278046e-05  ,  -3.015901893377304e-05
2.5704503059387207e-07  ,  1.1160038411617279e-05
3.0193477869033813e-06  ,  -1.1024996638298035e-05
3.533065319061279e-05  ,  5.289725959300995e-05
-2.2153370082378387e-05  ,  -8.014962077140808e-06
4.505738615989685e-06  ,  1.3726763427257538e-05
-6.32554292678833e-06  ,  -4.827510565519333e-05
1.5494413673877716e-05  ,  1.3533979654312134e-05
-1.3709068298339844e-05  ,  1.321546733379364e-06
-7.863156497478485e-06  ,  4.504341632127762e-05
-3.311969339847565e-05  ,  -2.3877248167991638e-05
3.566034138202667e-05  ,  1.5632249414920807e-05
1.8025748431682587e-05  ,  -2.5381334125995636e-05
1.863297075033188e-05  ,  3.00724059343338e-05
-2.3694708943367004e-05  ,  -2.096407115459442e-05
-9.43988561630249e-06  ,  3.851950168609619e-06
-1.2871809303760529e-05  ,  -3.437791019678116e-05
3.419816493988037e-05  ,  4.1309744119644165e-05
-1.0724179446697235e-05  ,  3.868713974952698e-06
1.0313466191291809e-05  ,  2.7072615921497345e-05
-9.602867066860199e-06  ,  -4.518870264291763e-05
2.3377127945423126e-05  ,  -3.4980475902557373e-06
-9.024515748023987e-07  ,  -1.989118754863739e-05
2.942979335784912e-06  ,  3.9313919842243195e-05
-4.336610436439514e-05  ,  -1.2934207916259766e-05
1.4660879969596863e-05  ,  1.492910087108612e-05
7.776543498039246e-06  ,  -2.4532899260520935e-05
3.516674041748047e-05  ,  2.5080516934394836e-05
-1.034606248140335e-05  ,  -1.5390105545520782e-05
-6.606802344322205e-06  ,  6.465241312980652e-06
-3.5021454095840454e-05  ,  -4.696473479270935e-05
2.76835635304451e-05  ,  1.2976117432117462e-05
-8.36048275232315e-06  ,  -3.7904828786849976e-06
9.08784568309784e-06  ,  4.559289664030075e-05
-1.784414052963257e-05  ,  -1.8310733139514923e-05
1.748930662870407e-05  ,  -6.970018148422241e-06
2.3962929844856262e-06  ,  -3.907736390829086e-05
2.5657005608081818e-05  ,  2.694781869649887e-05
-4.5328401029109955e-05  ,  -8.68178904056549e-06
-9.858980774879456e-06  ,  2.3173168301582336e-05
-1.3833865523338318e-05  ,  -2.784840762615204e-05
3.139115869998932e-05  ,  2.488028258085251e-05
8.299015462398529e-06  ,  -3.238208591938019e-06
6.904825568199158e-06  ,  2.516433596611023e-05
-3.885291516780853e-05  ,  -3.9917416870594025e-05
1.5552155673503876e-05  ,  -4.289671778678894e-06
-1.2276694178581238e-05  ,  -1.605972647666931e-05
1.3562850654125214e-05  ,  4.679989069700241e-05
-2.2777356207370758e-05  ,  8.093193173408508e-07
1.0058283805847168e-05  ,  1.2553296983242035e-05
-1.955777406692505e-08  ,  -3.813393414020538e-05
4.520732909440994e-05  ,  1.382734626531601e-05
-2.486351877450943e-05  ,  -7.320195436477661e-06
-7.595866918563843e-06  ,  2.8935261070728302e-05
-3.230944275856018e-05  ,  -2.1259300410747528e-05
2.2570602595806122e-05  ,  1.4688819646835327e-05
7.038004696369171e-06  ,  -3.9013102650642395e-06
3.312714397907257e-05  ,  3.910530358552933e-05
-3.466010093688965e-05  ,  -2.0961277186870575e-05
1.1475756764411926e-05  ,  -6.324611604213715e-06
-1.2287870049476624e-05  ,  -4.161521792411804e-05
1.9692815840244293e-05  ,  2.4981796741485596e-05
-1.774728298187256e-05  ,  1.1242926120758057e-05
5.452893674373627e-06  ,  3.2640062272548676e-05
-1.984182745218277e-05  ,  -2.964213490486145e-05
5.024950951337814e-05  ,  5.885027348995209e-06
6.835907697677612e-07  ,  -2.0434148609638214e-05
9.698793292045593e-06  ,  2.4477019906044006e-05
-4.08785417675972e-05  ,  -2.4189241230487823e-05
-2.1560117602348328e-06  ,  4.3353065848350525e-06
-3.3266842365264893e-06  ,  -1.7871148884296417e-05
4.007760435342789e-05  ,  3.5989098250865936e-05
-2.263486385345459e-05  ,  -5.736947059631348e-07
1.1566095054149628e-05  ,  4.167668521404266e-06
-1.963600516319275e-05  ,  -4.784390330314636e-05
2.351868897676468e-05  ,  4.563480615615845e-08
-1.6773119568824768e-05  ,  -5.370937287807465e-06
8.009374141693115e-08  ,  3.862660378217697e-05
-4.078913480043411e-05  ,  -1.1725351214408875e-05
3.59807163476944e-05  ,  -1.0691583156585693e-06
4.23286110162735e-06  ,  -2.7368776500225067e-05
2.7720816433429718e-05  ,  2.3123808205127716e-05
-3.2541342079639435e-05  ,  -1.292303204536438e-05
-9.82731580734253e-06  ,  2.5462359189987183e-06
-3.165658563375473e-05  ,  -2.7096830308437347e-05
3.9159320294857025e-05  ,  2.7321279048919678e-05
-1.662876456975937e-05  ,  1.153070479631424e-05
1.5409663319587708e-05  ,  3.2298266887664795e-05
-2.0930543541908264e-05  ,  -3.171060234308243e-05
1.9652768969535828e-05  ,  -1.2326054275035858e-05
-7.893890142440796e-06  ,  -2.3243017494678497e-05
1.690071076154709e-05  ,  3.061443567276001e-05
-5.164928734302521e-05  ,  -1.0104849934577942e-06
1.042243093252182e-05  ,  1.5733763575553894e-05
-2.8563663363456726e-06  ,  -2.1523796021938324e-05
4.49279323220253e-05  ,  1.9744038581848145e-05
-6.74370676279068e-06  ,  -4.501082003116608e-06
1.214444637298584e-06  ,  1.5117228031158447e-05
-3.877468407154083e-05  ,  -3.290735185146332e-05
3.1869858503341675e-05  ,  3.4561380743980408e-06
-1.0554678738117218e-05  ,  5.734153091907501e-06
2.3702159523963928e-05  ,  4.6446919441223145e-05
-2.409517765045166e-05  ,  -2.798624336719513e-06
2.1355226635932922e-05  ,  -4.939734935760498e-06
-3.137625753879547e-06  ,  -3.810320049524307e-05
3.42540442943573e-05  ,  1.4740973711013794e-05
-4.3322332203388214e-05  ,  5.8980658650398254e-06
1.621432602405548e-06  ,  1.7647631466388702e-05
-2.2769905626773834e-05  ,  -2.3931264877319336e-05
3.994535654783249e-05  ,  1.0924413800239563e-05
1.0006129741668701e-05  ,  -3.1888484954833984e-06
2.6998110115528107e-05  ,  1.8600374460220337e-05
-4.4547952711582184e-05  ,  -2.8733164072036743e-05
2.062041312456131e-05  ,  -1.1028721928596497e-05
-1.872330904006958e-05  ,  -2.065952867269516e-05
2.415478229522705e-05  ,  3.510061651468277e-05
-2.3121945559978485e-05  ,  9.747222065925598e-06
1.0108575224876404e-05  ,  1.478288322687149e-05
-1.4862045645713806e-05  ,  -3.398861736059189e-05
4.991702735424042e-05  ,  -5.19677996635437e-06
-2.3632310330867767e-05  ,  -1.1781230568885803e-05
-2.1299347281455994e-06  ,  2.009328454732895e-05
-4.5452266931533813e-05  ,  -1.647602766752243e-05
1.747068017721176e-05  ,  2.4568289518356323e-06
7.338821887969971e-07  ,  -9.678304195404053e-06
4.0073879063129425e-05  ,  2.7107074856758118e-05
-3.7161633372306824e-05  ,  -7.009133696556091e-06
1.1383555829524994e-05  ,  -1.4035031199455261e-05
-2.7638860046863556e-05  ,  -3.8525089621543884e-05
2.5146640837192535e-05  ,  1.2964941561222076e-05
-2.309214323759079e-05  ,  1.6587786376476288e-05
7.65826553106308e-06  ,  3.299396485090256e-05
-3.252364695072174e-05  ,  -1.541152596473694e-05
4.694424569606781e-05  ,  -1.0326504707336426e-05
-8.502975106239319e-06  ,  -1.1440366506576538e-05
1.7294660210609436e-05  ,  1.9161030650138855e-05
-4.84175980091095e-05  ,  -1.0401010513305664e-05
-3.618188202381134e-06  ,  2.462416887283325e-06
-1.662410795688629e-05  ,  -1.2448057532310486e-05
5.053076893091202e-05  ,  2.5219283998012543e-05
-2.2079795598983765e-05  ,  1.0413117706775665e-05
1.8231570720672607e-05  ,  8.978880941867828e-06
-2.5286339223384857e-05  ,  -3.663357347249985e-05
2.5576911866664886e-05  ,  -7.59027898311615e-06
-1.2929551303386688e-05  ,  -2.187676727771759e-06
1.2354925274848938e-05  ,  3.4673139452934265e-05
-4.6290457248687744e-05  ,  6.629154086112976e-06
3.448314964771271e-05  ,  8.940696716308594e-08
1.8086284399032593e-06  ,  -1.8360093235969543e-05
4.2615458369255066e-05  ,  1.4521181583404541e-05
-2.6205554604530334e-05  ,  -1.3113021850585938e-06
-2.479180693626404e-06  ,  4.293397068977356e-06
-3.815256059169769e-05  ,  -2.1181069314479828e-05
4.2144209146499634e-05  ,  8.15466046333313e-06
-1.0075978934764862e-05  ,  1.941528171300888e-05
2.6540830731391907e-05  ,  2.5484710931777954e-05
-2.930872142314911e-05  ,  -2.0479783415794373e-05
2.4354085326194763e-05  ,  -1.9740313291549683e-05
-8.584931492805481e-06  ,  -2.1794810891151428e-05
3.125332295894623e-05  ,  1.758616417646408e-05
-5.014147609472275e-05  ,  1.5877187252044678e-05
1.6081146895885468e-05  ,  7.922761142253876e-06
-1.2292526662349701e-05  ,  -1.738686114549637e-05
5.1830895245075226e-05  ,  7.016584277153015e-06
-5.39049506187439e-06  ,  -3.908760845661163e-06
4.906207323074341e-06  ,  7.4747949838638306e-06
-5.405396223068237e-05  ,  -2.2590160369873047e-05
2.470891922712326e-05  ,  -1.2139789760112762e-05
-1.720711588859558e-05  ,  9.257346391677856e-07
2.9277987778186798e-05  ,  3.468897193670273e-05
-2.5200657546520233e-05  ,  5.212612450122833e-06
1.605972647666931e-05  ,  -1.0302290320396423e-05
-1.3470649719238281e-05  ,  -3.4265220165252686e-05
4.216749221086502e-05  ,  -2.7688220143318176e-06
-3.854092210531235e-05  ,  9.78820025920868e-06
7.553026080131531e-07  ,  1.3872981071472168e-05
-3.78219410777092e-05  ,  -1.07521191239357e-05
3.5540200769901276e-05  ,  -1.514330506324768e-06
3.861263394355774e-06  ,  5.299225449562073e-07
3.300420939922333e-05  ,  1.3286247849464417e-05
-5.005672574043274e-05  ,  -9.54698771238327e-06
9.549781680107117e-06  ,  -2.1208077669143677e-05
-2.6714056730270386e-05  ,  -1.1699274182319641e-05
3.182794898748398e-05  ,  2.2819265723228455e-05
-2.5210902094841003e-05  ,  1.8592923879623413e-05
1.0170973837375641e-05  ,  1.3872049748897552e-05
-2.4860724806785583e-05  ,  -2.1519139409065247e-05
5.045253783464432e-05  ,  -2.2916123270988464e-05
-2.2322870790958405e-05  ,  -9.136274456977844e-07
9.202398359775543e-06  ,  1.8887221813201904e-05
-5.045440047979355e-05  ,  -3.227032721042633e-06
1.457706093788147e-05  ,  2.5294721126556396e-06
1.4500692486763e-06  ,  -1.4705583453178406e-06
5.1847659051418304e-05  ,  1.9521452486515045e-05
-3.187358379364014e-05  ,  1.2605451047420502e-05
1.5663914382457733e-05  ,  -1.1760741472244263e-05
-3.106147050857544e-05  ,  -3.031361848115921e-05
2.8185546398162842e-05  ,  1.4118850231170654e-06
-1.6489997506141663e-05  ,  1.9500963389873505e-05
1.5113502740859985e-05  ,  2.8172507882118225e-05
-3.722775727510452e-05  ,  -2.0079314708709717e-06
4.172418266534805e-05  ,  -1.719687134027481e-05
-1.7723068594932556e-06  ,  -9.700655937194824e-06
3.16547229886055e-05  ,  6.136484444141388e-06
-4.275422543287277e-05  ,  3.9869919419288635e-06
-4.516914486885071e-07  ,  -3.026798367500305e-06
-2.3951753973960876e-05  ,  -7.059425115585327e-06
5.712546408176422e-05  ,  7.539056241512299e-06
-9.943731129169464e-06  ,  2.15284526348114e-05
2.5087036192417145e-05  ,  2.051703631877899e-06
-3.3583492040634155e-05  ,  -2.1898187696933746e-05
2.534966915845871e-05  ,  -1.8291175365447998e-05
-1.4224089682102203e-05  ,  -3.5902485251426697e-06
1.948978751897812e-05  ,  2.3837201297283173e-05
-4.819594323635101e-05  ,  2.176128327846527e-05
2.823304384946823e-05  ,  -1.1623837053775787e-05
-7.884576916694641e-06  ,  -2.1846964955329895e-05
4.5062974095344543e-05  ,  1.2135133147239685e-06
-2.264510840177536e-05  ,  -9.210780262947083e-07
-7.751397788524628e-06  ,  -2.54996120929718e-06
-4.630349576473236e-05  ,  -1.441221684217453e-05
3.653857856988907e-05  ,  -9.684823453426361e-06
-1.1356547474861145e-05  ,  2.3322179913520813e-05
3.250874578952789e-05  ,  2.2115185856819153e-05
-3.370363265275955e-05  ,  -7.354654371738434e-06
1.4958903193473816e-05  ,  -2.570822834968567e-05
-1.851748675107956e-05  ,  -2.0324252545833588e-05
3.0374154448509216e-05  ,  5.955807864665985e-06
-4.5816414058208466e-05  ,  2.618413418531418e-05
3.994442522525787e-06  ,  6.448477506637573e-06
-2.190377563238144e-05  ,  -3.9460137486457825e-06
4.635285586118698e-05  ,  -6.488524377346039e-06
-5.422160029411316e-06  ,  6.0014426708221436e-06
1.446157693862915e-05  ,  1.911073923110962e-06
-5.839485675096512e-05  ,  -4.915520548820496e-06
1.6966834664344788e-05  ,  -2.207234501838684e-05
-1.8901191651821136e-05  ,  8.474104106426239e-06
3.583356738090515e-05  ,  2.3072585463523865e-05
-2.3324042558670044e-05  ,  1.8506310880184174e-05
1.8795020878314972e-05  ,  -7.209368050098419e-06
-1.756753772497177e-05  ,  -2.4638138711452484e-05
4.420522600412369e-05  ,  -1.789536327123642e-05
-3.4566037356853485e-05  ,  2.439599484205246e-05
7.838942110538483e-06  ,  1.5798024833202362e-05
-4.097912460565567e-05  ,  5.820766091346741e-07
3.252830356359482e-05  ,  -3.398396074771881e-06
1.1118128895759583e-05  ,  2.7297064661979675e-06
4.087015986442566e-05  ,  1.000426709651947e-05
-4.0372833609580994e-05  ,  4.793517291545868e-06
8.995644748210907e-06  ,  -2.858974039554596e-05
-2.6948750019073486e-05  ,  -1.2051314115524292e-05
3.70517373085022e-05  ,  7.96932727098465e-06
-1.4631077647209167e-05  ,  2.831779420375824e-05
1.7428770661354065e-05  ,  9.288080036640167e-06
-2.7053989470005035e-05  ,  -1.0102987289428711e-05
4.662945866584778e-05  ,  -3.407243639230728e-05
-9.042210876941681e-06  ,  2.7688220143318176e-06
1.8429942429065704e-05  ,  5.698762834072113e-06
-4.85079362988472e-05  ,  1.1163763701915741e-05
1.1712312698364258e-05  ,  -7.61914998292923e-06
-9.870156645774841e-06  ,  -9.98377799987793e-07
5.23105263710022e-05  ,  2.643093466758728e-06
-2.5731511414051056e-05  ,  2.238526940345764e-05
8.716247975826263e-06  ,  -1.8155202269554138e-05
-4.145689308643341e-05  ,  -2.2429972887039185e-05
2.1801330149173737e-05  ,  -1.2502074241638184e-05
-1.6110017895698547e-05  ,  1.8154270946979523e-05
1.594703644514084e-05  ,  2.1294690668582916e-05
-3.6708079278469086e-05  ,  1.7336569726467133e-05
3.6728568375110626e-05  ,  -3.3795833587646484e-05
-9.658746421337128e-06  ,  -6.301328539848328e-06
3.4207478165626526e-05  ,  -1.383945345878601e-06
-4.2613595724105835e-05  ,  1.0536983609199524e-05
-1.1754222214221954e-05  ,  -2.4996697902679443e-06
-3.463029861450195e-05  ,  -1.494772732257843e-06
4.4957734644412994e-05  ,  -3.684312105178833e-06
-8.43871384859085e-06  ,  3.116484731435776e-05
2.060364931821823e-05  ,  4.0978193283081055e-06
-3.9468519389629364e-05  ,  -7.96932727098465e-06
1.2456439435482025e-05  ,  -3.1886622309684753e-05
-1.7251819372177124e-05  ,  2.2854655981063843e-06
2.5833025574684143e-05  ,  1.5895813703536987e-05
-4.009716212749481e-05  ,  3.652367740869522e-05
1.530814915895462e-05  ,  -1.3377517461776733e-05
-1.0152347385883331e-05  ,  -5.777925252914429e-06
4.9279071390628815e-05  ,  -1.5900470316410065e-05
-1.740735024213791e-05  ,  1.2718141078948975e-05
4.059635102748871e-06  ,  -2.154149115085602e-06
-4.760269075632095e-05  ,  1.8756836652755737e-06
3.175158053636551e-05  ,  -2.0051375031471252e-05
-4.664994776248932e-06  ,  3.024376928806305e-05
4.0901824831962585e-05  ,  1.3298355042934418e-05
-2.6567839086055756e-05  ,  5.343928933143616e-06
1.3797543942928314e-05  ,  -2.6390887796878815e-05
-1.4889054000377655e-05  ,  -2.0061619579792023e-05
3.0537135899066925e-05  ,  -1.2430362403392792e-05
-3.632623702287674e-05  ,  3.840494900941849e-05
1.0777264833450317e-05  ,  9.313225746154785e-09
-2.6333145797252655e-05  ,  -1.3224780559539795e-07
4.470255225896835e-05  ,  -1.729000359773636e-05
9.356997907161713e-06  ,  5.145557224750519e-06
2.413615584373474e-05  ,  -4.3371692299842834e-06
-4.723109304904938e-05  ,  8.325092494487762e-06
1.2215226888656616e-05  ,  -3.423355519771576e-05
-1.5674158930778503e-05  ,  7.533468306064606e-06
4.16366383433342e-05  ,  8.91461968421936e-06
-1.4204531908035278e-05  ,  3.1989067792892456e-05
1.521967351436615e-05  ,  -1.4139339327812195e-05
-2.704653888940811e-05  ,  -1.8047168850898743e-05
3.4378841519355774e-05  ,  -3.386661410331726e-05
-2.216082066297531e-05  ,  2.3426488041877747e-05
1.6614794731140137e-06  ,  3.7783756852149963e-06
-4.5165419578552246e-05  ,  1.6089528799057007e-05
2.2118911147117615e-05  ,  -1.972634345293045e-05
2.779066562652588e-06  ,  3.6209821701049805e-06
4.1783787310123444e-05  ,  -6.7641958594322205e-06
-3.441516309976578e-05  ,  1.9527040421962738e-05
1.0570511221885681e-06  ,  -3.434624522924423e-05
-3.5706907510757446e-05  ,  -1.7816200852394104e-06
3.131479024887085e-05  ,  -1.6987323760986328e-06
-1.453980803489685e-05  ,  3.186706453561783e-05
1.2747012078762054e-05  ,  1.5356577932834625e-05
-3.0172988772392273e-05  ,  7.183291018009186e-06
3.1002797186374664e-05  ,  -4.38028946518898e-05
-1.435447484254837e-05  ,  8.01868736743927e-06
1.641642302274704e-05  ,  2.419576048851013e-06
-4.6632252633571625e-05  ,  2.2882595658302307e-05
-3.1068921089172363e-06  ,  -7.413327693939209e-06
-1.0360032320022583e-05  ,  5.766749382019043e-06
4.894286394119263e-05  ,  -1.0244548320770264e-05
-1.0964460670948029e-05  ,  3.504753112792969e-05
8.166767656803131e-06  ,  -1.8573366105556488e-05
-4.023313522338867e-05  ,  -5.9157609939575195e-06
1.7608515918254852e-05  ,  -2.8032809495925903e-05
-1.1632218956947327e-05  ,  2.603139728307724e-05
2.5257468223571777e-05  ,  1.5140511095523834e-05
-3.0307099223136902e-05  ,  3.335811197757721e-05
2.700183540582657e-05  ,  -3.387965261936188e-05
-1.3280659914016724e-06  ,  3.520399332046509e-07
3.702472895383835e-05  ,  -1.3324432075023651e-05
-2.938881516456604e-05  ,  2.3234635591506958e-05
-7.752329111099243e-06  ,  -4.168599843978882e-06
-3.0741095542907715e-05  ,  7.7858567237854e-06
4.181079566478729e-05  ,  -2.1258369088172913e-05
5.081295967102051e-06  ,  3.474485129117966e-05
3.078393638134003e-05  ,  -8.017756044864655e-06
-3.2425858080387115e-05  ,  -1.1175870895385742e-07
1.4277175068855286e-05  ,  -3.7785619497299194e-05
-8.917413651943207e-06  ,  -5.795620381832123e-06
2.8003938496112823e-05  ,  -1.189298927783966e-06
-2.8058886528015137e-05  ,  4.766881465911865e-05
1.4220364391803741e-05  ,  -1.7700716853141785e-05
-1.0472722351551056e-05  ,  -2.5993213057518005e-06
4.638824611902237e-05  ,  -2.9508955776691437e-05
-4.867091774940491e-06  ,  1.203734427690506e-05
1.2740492820739746e-06  ,  -9.01985913515091e-06
-4.788767546415329e-05  ,  1.1199153959751129e-05
1.3923272490501404e-05  ,  -3.4246593713760376e-05
8.87550413608551e-07  ,  2.3995526134967804e-05
3.4275464713573456e-05  ,  7.171183824539185e-07
-2.1498650312423706e-05  ,  2.3303553462028503e-05
7.2857365012168884e-06  ,  -3.467593342065811e-05
-2.2333115339279175e-05  ,  -1.3762153685092926e-05
2.593453973531723e-05  ,  -2.8770416975021362e-05
-2.287141978740692e-05  ,  4.266202449798584e-05
1.5469267964363098e-06  ,  -4.447996616363525e-06
-2.8308480978012085e-05  ,  1.3447366654872894e-05
3.445800393819809e-05  ,  -2.782326191663742e-05
3.846362233161926e-06  ,  6.813555955886841e-06
1.759640872478485e-05  ,  -5.28339296579361e-06
-4.777684807777405e-05  ,  2.6132911443710327e-05
-1.115351915359497e-05  ,  -3.568083047866821e-05
-2.30325385928154e-05  ,  1.4808028936386108e-05
3.5122036933898926e-05  ,  2.7650967240333557e-06
-1.1516734957695007e-05  ,  3.871694207191467e-05
4.762783646583557e-06  ,  -2.823770046234131e-06
-2.2638589143753052e-05  ,  -3.139488399028778e-06
2.4859793484210968e-05  ,  -4.865787923336029e-05
-1.1975876986980438e-05  ,  2.939905971288681e-05
5.059875547885895e-06  ,  3.884546458721161e-06
-3.91816720366478e-05  ,  3.5033561289310455e-05
1.0737217962741852e-05  ,  -1.8843449652194977e-05
5.012378096580505e-06  ,  1.2080185115337372e-05
4.454050213098526e-05  ,  -1.5191733837127686e-05
-1.970399171113968e-05  ,  3.381073474884033e-05
-5.1604583859443665e-06  ,  -2.7611851692199707e-05
-2.918485552072525e-05  ,  5.786307156085968e-06
2.0819716155529022e-05  ,  -1.7377547919750214e-05
-4.388391971588135e-06  ,  4.027225077152252e-05
2.0322389900684357e-05  ,  8.855946362018585e-06
-2.0242296159267426e-05  ,  1.961737871170044e-05
2.1459534764289856e-05  ,  -5.227234214544296e-05
6.891787052154541e-07  ,  6.836839020252228e-06
2.254825085401535e-05  ,  -1.4283694326877594e-05
-3.564823418855667e-05  ,  3.133527934551239e-05
-1.212581992149353e-06  ,  -1.0822899639606476e-05
-5.430541932582855e-06  ,  6.513670086860657e-06
4.9204565584659576e-05  ,  -2.4869106709957123e-05
1.0319985449314117e-05  ,  3.764033317565918e-05
1.0844320058822632e-05  ,  -2.48076394200325e-05
-3.776233643293381e-05  ,  -1.564621925354004e-07
1.046154648065567e-05  ,  -3.634858876466751e-05
-2.3422762751579285e-06  ,  1.1974945664405823e-05
1.8275342881679535e-05  ,  4.188157618045807e-06
-2.1442770957946777e-05  ,  4.2679719626903534e-05
1.1403113603591919e-05  ,  -3.884732723236084e-05
-1.1688098311424255e-06  ,  -6.265006959438324e-06
2.934969961643219e-05  ,  -3.3770687878131866e-05
-1.7140991985797882e-05  ,  2.574920654296875e-05
-1.1205673217773438e-05  ,  -1.0884366929531097e-05
-3.501772880554199e-05  ,  1.6745179891586304e-05
2.5159679353237152e-05  ,  -3.502052277326584e-05
1.0520219802856445e-05  ,  3.0489638447761536e-05
2.3888424038887024e-05  ,  -1.1014752089977264e-05
-2.332683652639389e-05  ,  1.445971429347992e-05
-1.1539086699485779e-06  ,  -4.1610561311244965e-05
-1.9652768969535828e-05  ,  2.2836029529571533e-06
1.8786638975143433e-05  ,  -8.006580173969269e-06
-2.0815059542655945e-05  ,  5.717482417821884e-05
-2.761371433734894e-06  ,  -1.4181248843669891e-05
-1.6841106116771698e-05  ,  1.2042932212352753e-05
3.42540442943573e-05  ,  -3.3165328204631805e-05
-1.9120052456855774e-06  ,  1.357588917016983e-05
-3.4477561712265015e-06  ,  -5.3104013204574585e-06
-4.400499165058136e-05  ,  2.5357119739055634e-05
-4.409812390804291e-06  ,  -3.5868026316165924e-05
5.510635673999786e-06  ,  3.253389149904251e-05
3.704149276018143e-05  ,  -3.4170225262641907e-06
-1.2498348951339722e-05  ,  3.585405647754669e-05
-6.910413503646851e-07  ,  -2.1325424313545227e-05
-1.8817372620105743e-05  ,  -3.466382622718811e-06
1.707766205072403e-05  ,  -3.561750054359436e-05
-1.1113472282886505e-05  ,  5.017127841711044e-05
6.174668669700623e-07  ,  5.574896931648254e-06
-2.1214596927165985e-05  ,  2.9731541872024536e-05
2.194102853536606e-05  ,  -3.1857751309871674e-05
1.547113060951233e-05  ,  1.0406598448753357e-05
2.5148503482341766e-05  ,  -1.707766205072403e-05
-2.7738511562347412e-05  ,  3.468059003353119e-05
-1.6072764992713928e-05  ,  -3.694836050271988e-05
-1.3774260878562927e-05  ,  1.5770085155963898e-05
2.956576645374298e-05  ,  -1.4802441000938416e-05
6.018206477165222e-06  ,  4.120822995901108e-05
1.3803131878376007e-05  ,  -1.36643648147583e-05
-1.6987323760986328e-05  ,  1.6354024410247803e-06
1.752469688653946e-05  ,  -5.716551095247269e-05
4.344619810581207e-06  ,  2.5358982384204865e-05
7.994472980499268e-06  ,  -8.400529623031616e-06
-3.1655654311180115e-05  ,  3.776606172323227e-05
6.543472409248352e-06  ,  -1.7715618014335632e-05
9.601935744285583e-06  ,  1.3960525393486023e-06
3.911368548870087e-05  ,  -2.7447007596492767e-05
-1.4081597328186035e-06  ,  3.290735185146332e-05
-1.5155412256717682e-05  ,  -3.469269722700119e-05
-3.143772482872009e-05  ,  5.339272320270538e-06
1.3064593076705933e-05  ,  -3.46088781952858e-05
6.637535989284515e-06  ,  2.9466114938259125e-05
1.5543773770332336e-05  ,  1.1362135410308838e-06
-1.4787539839744568e-05  ,  2.8257258236408234e-05
5.685724318027496e-06  ,  -5.6364573538303375e-05
2.3720785975456238e-06  ,  -2.0489096641540527e-08
1.4977529644966125e-05  ,  -2.4043023586273193e-05
-2.2574327886104584e-05  ,  3.89590859413147e-05
-1.540500670671463e-05  ,  -1.1838972568511963e-05
-1.8180347979068756e-05  ,  1.842435449361801e-05
2.980045974254608e-05  ,  -3.066845238208771e-05
1.602061092853546e-05  ,  3.721844404935837e-05
-1.5245750546455383e-06  ,  -1.786649227142334e-05
-3.552902489900589e-05  ,  1.6386620700359344e-05
-4.648230969905853e-06  ,  -3.709178417921066e-05
-6.735324859619141e-06  ,  1.978594809770584e-05
1.583341509103775e-05  ,  3.0547380447387695e-06
-9.605661034584045e-06  ,  5.4173171520233154e-05
-3.926455974578857e-06  ,  -3.5208649933338165e-05
1.2218952178955078e-06  ,  7.582828402519226e-06
2.824980765581131e-05  ,  -3.6304816603660583e-05
-9.929761290550232e-06  ,  2.8827227652072906e-05
-1.5677884221076965e-05  ,  3.538094460964203e-06
-3.0503608286380768e-05  ,  2.9867514967918396e-05
6.29667192697525e-06  ,  -3.354810178279877e-05
2.1117739379405975e-05  ,  3.9200298488140106e-05
2.635270357131958e-05  ,  -9.655952453613281e-06
-1.3851560652256012e-05  ,  2.7424655854701996e-05
-1.2370757758617401e-05  ,  -3.512948751449585e-05
-9.580515325069427e-06  ,  3.39653342962265e-06
1.5565194189548492e-05  ,  -2.2093765437602997e-05
1.2991949915885925e-06  ,  5.82672655582428e-05
-3.7457793951034546e-06  ,  -9.209848940372467e-06
-4.91458922624588e-06  ,  1.5375204384326935e-05
2.128537744283676e-05  ,  -4.52948734164238e-05
1.6483478248119354e-05  ,  1.3680197298526764e-05
4.556961357593536e-06  ,  -2.1031126379966736e-05
-3.0625611543655396e-05  ,  3.279000520706177e-05
-1.186411827802658e-05  ,  -3.5814009606838226e-05
1.4671124517917633e-05  ,  2.3550353944301605e-05
3.3200718462467194e-05  ,  -1.6761012375354767e-05
2.5546178221702576e-06  ,  3.672577440738678e-05
1.4007091522216797e-06  ,  -2.6007182896137238e-05
-1.63298100233078e-05  ,  -9.366311132907867e-06
3.6293640732765198e-06  ,  -4.866160452365875e-05
6.052665412425995e-06  ,  3.938283771276474e-05
-8.032657206058502e-06  ,  -7.24010169506073e-06
-2.029724419116974e-05  ,  3.314577043056488e-05
1.179426908493042e-05  ,  -3.8105063140392303e-05
1.841224730014801e-05  ,  -2.0330771803855896e-06
1.9572675228118896e-05  ,  -2.7229078114032745e-05
-9.434297680854797e-06  ,  3.483053296804428e-05
-3.0385330319404602e-05  ,  -3.898795694112778e-05
-1.700315624475479e-05  ,  1.6245990991592407e-05
1.7105601727962494e-05  ,  -2.2263266146183014e-05
1.4798715710639954e-05  ,  3.876630216836929e-05
2.5816261768341064e-06  ,  -8.643604815006256e-06
-1.7259269952774048e-05  ,  1.5706755220890045e-05
-5.297362804412842e-06  ,  -5.7223252952098846e-05
5.234964191913605e-06  ,  1.7937272787094116e-05
-3.689900040626526e-06  ,  -8.369795978069305e-06
-2.073589712381363e-05  ,  4.8980116844177246e-05
-1.316610723733902e-05  ,  -1.7027370631694794e-05
6.84056431055069e-06  ,  1.4510005712509155e-05
2.710055559873581e-05  ,  -3.427732735872269e-05
8.614733815193176e-06  ,  3.707315772771835e-05
-2.346932888031006e-05  ,  -2.5105662643909454e-05
-2.4643726646900177e-05  ,  1.9105151295661926e-05
7.450580596923828e-08  ,  -3.274623304605484e-05
8.150003850460052e-06  ,  3.5278499126434326e-05
1.6226433217525482e-05  ,  1.1119060218334198e-05
-1.8551945686340332e-06  ,  4.233792424201965e-05
-1.3206154108047485e-05  ,  -4.402175545692444e-05
8.731149137020111e-06  ,  9.12696123123169e-06
1.3778917491436005e-05  ,  -2.610776573419571e-05
-1.1059455573558807e-05  ,  4.4411979615688324e-05
-1.8996186554431915e-05  ,  4.824250936508179e-07
-7.692724466323853e-06  ,  2.134963870048523e-05
1.7218291759490967e-05  ,  -3.573764115571976e-05
3.901589661836624e-05  ,  3.239139914512634e-05
3.5818666219711304e-06  ,  -1.9674189388751984e-05
-1.714378595352173e-05  ,  1.877453178167343e-05
-1.8250197172164917e-05  ,  -3.9830803871154785e-05
6.187707185745239e-06  ,  1.668836921453476e-05
1.402292400598526e-05  ,  -1.2549571692943573e-05
8.137896656990051e-06  ,  5.691777914762497e-05
-6.303191184997559e-06  ,  -2.6924535632133484e-05
1.0957010090351105e-05  ,  2.057291567325592e-06
1.713540405035019e-05  ,  -4.82853502035141e-05
7.113441824913025e-06  ,  2.5420449674129486e-05
-1.2224540114402771e-05  ,  -7.905997335910797e-06
-2.1591782569885254e-05  ,  2.9398128390312195e-05
-8.381903171539307e-06  ,  -4.0356069803237915e-05
3.1935982406139374e-05  ,  2.2924505174160004e-05
1.7957761883735657e-05  ,  -2.2940337657928467e-05
-2.7427449822425842e-06  ,  2.6289373636245728e-05
-1.897290349006653e-05  ,  -4.24189493060112e-05
-1.4097429811954498e-05  ,  -9.82917845249176e-06
1.319684088230133e-06  ,  -3.209803253412247e-05
1.7267651855945587e-05  ,  4.985835403203964e-05
-1.4596618711948395e-05  ,  -1.0251067578792572e-05
-8.209608495235443e-06  ,  2.1756626665592194e-05
8.684583008289337e-06  ,  -4.736427217721939e-05
1.7838552594184875e-05  ,  1.973472535610199e-06
-3.4533441066741943e-06  ,  -1.6823410987854004e-05
-2.2113323211669922e-05  ,  3.756769001483917e-05
-3.6738812923431396e-05  ,  -2.884678542613983e-05
8.289702236652374e-06  ,  2.1581538021564484e-05
1.6179867088794708e-05  ,  -1.7884187400341034e-05
1.6312114894390106e-05  ,  3.9801932871341705e-05
-1.5067867934703827e-05  ,  -1.949165016412735e-05
-1.449044793844223e-05  ,  7.039867341518402e-06
-1.1472031474113464e-05  ,  -5.1509588956832886e-05
1.1342577636241913e-05  ,  3.53250652551651e-05
-1.5042722225189209e-05  ,  4.229135811328888e-06
-7.0463865995407104e-06  ,  4.4327229261398315e-05
-4.264526069164276e-06  ,  -3.0877068638801575e-05
1.689232885837555e-05  ,  8.480623364448547e-06
1.6425736248493195e-05  ,  -2.1218322217464447e-05
3.85381281375885e-06  ,  4.292558878660202e-05
-4.044175148010254e-05  ,  -1.7530284821987152e-05
-9.383074939250946e-06  ,  2.598389983177185e-05
9.736046195030212e-06  ,  -2.2190622985363007e-05
2.5941990315914154e-05  ,  4.196632653474808e-05
1.0506249964237213e-05  ,  3.041699528694153e-06
-1.1874362826347351e-06  ,  1.9544735550880432e-05
-1.7600134015083313e-05  ,  -5.194265395402908e-05
2.2710300981998444e-05  ,  1.3678334653377533e-05
1.884065568447113e-06  ,  -1.614633947610855e-05
-4.32971864938736e-06  ,  5.016569048166275e-05
-1.5628524124622345e-05  ,  -5.730427801609039e-06
1.5620142221450806e-05  ,  1.1217780411243439e-05
1.896452158689499e-05  ,  -4.165619611740112e-05
3.153923898935318e-05  ,  2.9248185455799103e-05
-1.6532838344573975e-05  ,  -2.239178866147995e-05
-1.3053417205810547e-05  ,  1.563131809234619e-05
-1.4271587133407593e-05  ,  -3.475509583950043e-05
2.2718682885169983e-05  ,  2.2839754819869995e-05
1.3666227459907532e-05  ,  -4.905276000499725e-06
1.4204531908035278e-05  ,  3.9653852581977844e-05
-1.8724240362644196e-05  ,  -4.5085325837135315e-05
1.4462508261203766e-05  ,  -8.451752364635468e-06
-1.4007091522216797e-06  ,  -3.993697464466095e-05
2.016313374042511e-06  ,  3.400072455406189e-05
-2.4259090423583984e-05  ,  -1.0329298675060272e-05
-1.1290423572063446e-05  ,  1.643318682909012e-05
1.1641532182693481e-07  ,  -4.238355904817581e-05
4.45852056145668e-05  ,  1.775287091732025e-05
-3.373250365257263e-06  ,  -2.4266541004180908e-05
-1.4785677194595337e-05  ,  2.3919157683849335e-05
-2.8681010007858276e-05  ,  -3.994069993495941e-05
-5.2852556109428406e-06  ,  3.5334378480911255e-06
1.846812665462494e-06  ,  -1.023709774017334e-05
1.9033439457416534e-05  ,  5.058757960796356e-05
-2.694595605134964e-05  ,  -1.648440957069397e-05
3.402121365070343e-06  ,  6.983987987041473e-06
-2.436339855194092e-06  ,  -5.089025944471359e-05
1.3190321624279022e-05  ,  1.2555159628391266e-05
-2.3311004042625427e-05  ,  -4.534609615802765e-06
-1.4722347259521484e-05  ,  4.177074879407883e-05
-2.7796253561973572e-05  ,  -2.8353184461593628e-05
2.871733158826828e-05  ,  2.106931060552597e-05
1.0767020285129547e-05  ,  -1.3964250683784485e-05
1.1236406862735748e-05  ,  3.1084753572940826e-05
-2.9080547392368317e-05  ,  -2.5914981961250305e-05
-1.0653398931026459e-05  ,  7.045455276966095e-06
-8.408911526203156e-06  ,  -2.8022564947605133e-05
2.6294030249118805e-05  ,  5.085580050945282e-05
-1.7387792468070984e-05  ,  9.369105100631714e-06
5.966052412986755e-06  ,  3.272760659456253e-05
-6.463378667831421e-07  ,  -3.9888545870780945e-05
2.506747841835022e-05  ,  8.036382496356964e-06
4.256144165992737e-07  ,  -1.2750737369060516e-05
-3.3602118492126465e-06  ,  3.9769336581230164e-05
-4.4928863644599915e-05  ,  -1.8211081624031067e-05
2.0854175090789795e-05  ,  1.996941864490509e-05
1.7344020307064056e-05  ,  -2.3002736270427704e-05
3.3093616366386414e-05  ,  3.65525484085083e-05
-3.9888545870780945e-06  ,  -8.935108780860901e-06
-3.7709251046180725e-06  ,  6.494112312793732e-06
-2.133101224899292e-05  ,  -4.569254815578461e-05
2.973061054944992e-05  ,  2.3002736270427704e-05
-8.328817784786224e-06  ,  1.7434358596801758e-06
6.474554538726807e-06  ,  4.443991929292679e-05
-1.259148120880127e-05  ,  -2.1384097635746002e-05
2.720113843679428e-05  ,  -3.97954136133194e-06
9.370967745780945e-06  ,  -3.995560109615326e-05
2.2094696760177612e-05  ,  2.5716610252857208e-05
-4.09567728638649e-05  ,  -1.9626691937446594e-05
-7.71600753068924e-06  ,  1.214444637298584e-05
-9.821727871894836e-06  ,  -3.114156424999237e-05
3.544054925441742e-05  ,  2.4829059839248657e-05
2.1615996956825256e-06  ,  -1.037493348121643e-05
4.606321454048157e-06  ,  1.8833205103874207e-05
-3.138277679681778e-05  ,  -5.24250790476799e-05
2.2613443434238434e-05  ,  -5.398876965045929e-06
-1.1057592928409576e-05  ,  -2.172216773033142e-05
3.041699528694153e-06  ,  4.7433190047740936e-05
-2.4079345166683197e-05  ,  -7.481314241886139e-06
5.465000867843628e-06  ,  5.912967026233673e-06
3.976747393608093e-06  ,  -3.79905104637146e-05
4.0937215089797974e-05  ,  1.6937032341957092e-05
-3.3381395041942596e-05  ,  -1.6168691217899323e-05
-1.559685915708542e-05  ,  2.1251849830150604e-05
-3.510620445013046e-05  ,  -3.369618207216263e-05
1.4497898519039154e-05  ,  1.3214536011219025e-05
4.610046744346619e-06  ,  -7.869675755500793e-07
2.256035804748535e-05  ,  4.1046179831027985e-05
-3.3593736588954926e-05  ,  -2.9134564101696014e-05
1.1205673217773438e-05  ,  -5.058944225311279e-06
-8.448958396911621e-06  ,  -3.470946103334427e-05
1.3986602425575256e-05  ,  2.8030015528202057e-05
-2.9647722840309143e-05  ,  9.255483746528625e-06
-2.3990869522094727e-06  ,  3.446172922849655e-05
-1.5217810869216919e-05  ,  -2.572033554315567e-05
4.6963803470134735e-05  ,  1.5635043382644653e-05
-2.7315691113471985e-06  ,  -9.14745032787323e-06
5.253590643405914e-06  ,  2.8852373361587524e-05
-3.986898809671402e-05  ,  -2.4454668164253235e-05
3.5138800740242004e-06  ,  1.1884607374668121e-05
-1.5264376997947693e-06  ,  -1.1630356311798096e-05
3.543216735124588e-05  ,  4.7652050852775574e-05
-2.6677735149860382e-05  ,  -7.050111889839172e-07
2.0013190805912018e-05  ,  8.760020136833191e-06
-7.588416337966919e-06  ,  -4.8959627747535706e-05
2.4652108550071716e-05  ,  1.157168298959732e-05
-9.197741746902466e-06  ,  3.703869879245758e-06
-2.1010637283325195e-06  ,  3.852788358926773e-05
-3.615114837884903e-05  ,  -1.321360468864441e-05
4.3575651943683624e-05  ,  1.2646429240703583e-05
1.3219192624092102e-05  ,  -1.8716789782047272e-05
3.0254945158958435e-05  ,  2.791639417409897e-05
-2.4364329874515533e-05  ,  -1.7292797565460205e-05
-4.3157488107681274e-06  ,  -5.877576768398285e-06
-1.9793398678302765e-05  ,  -3.3602118492126465e-05
3.947503864765167e-05  ,  3.0037015676498413e-05
-1.5079043805599213e-05  ,  5.882233381271362e-06
1.2655742466449738e-05  ,  2.4924054741859436e-05
-1.635868102312088e-05  ,  -3.5000964999198914e-05
3.1453557312488556e-05  ,  -1.2357719242572784e-05
-9.696930646896362e-06  ,  -2.7263537049293518e-05
8.8568776845932e-06  ,  2.8631649911403656e-05
-5.055777728557587e-05  ,  -1.2843869626522064e-05
1.467391848564148e-05  ,  6.3907355070114136e-06
-1.0058283805847168e-06  ,  -2.2775493562221527e-05
4.193931818008423e-05  ,  2.300553023815155e-05
-9.997747838497162e-06  ,  -1.3457611203193665e-05
-2.551823854446411e-06  ,  4.180707037448883e-06
-3.931671380996704e-05  ,  -4.3927691876888275e-05
2.7103349566459656e-05  ,  3.791414201259613e-06
-2.287141978740692e-05  ,  1.8114224076271057e-06
1.04513019323349e-05  ,  4.4444575905799866e-05
-2.6586465537548065e-05  ,  -1.6693025827407837e-05
1.2781471014022827e-05  ,  -8.752569556236267e-06
-1.0291114449501038e-06  ,  -3.368780016899109e-05
3.231409937143326e-05  ,  1.6159377992153168e-05
-4.940573126077652e-05  ,  -1.521781086921692e-06
-6.577000021934509e-06  ,  1.7968006432056427e-05
-2.3271888494491577e-05  ,  -2.04453244805336e-05
3.590341657400131e-05  ,  2.1255575120449066e-05
2.2472813725471497e-06  ,  7.047317922115326e-06
1.588091254234314e-05  ,  2.6619061827659607e-05
-4.300661385059357e-05  ,  -2.8990209102630615e-05
1.853983849287033e-05  ,  -6.170012056827545e-06
-1.4910474419593811e-05  ,  -1.0990537703037262e-05
1.9006431102752686e-05  ,  4.0609389543533325e-05
-3.0701979994773865e-05  ,  1.1321157217025757e-05
1.6187317669391632e-05  ,  1.704227179288864e-05
-7.170252501964569e-06  ,  -3.0382536351680756e-05
4.996359348297119e-05  ,  1.0523945093154907e-05
-2.4994835257530212e-05  ,  -4.169531166553497e-06
5.671754479408264e-07  ,  2.0187348127365112e-05
-3.779307007789612e-05  ,  -2.1653249859809875e-05
2.4527311325073242e-05  ,  1.2454576790332794e-05
9.379349648952484e-06  ,  2.250075340270996e-06
4.225224256515503e-05  ,  3.7631019949913025e-05
