-5398.0  ,  -11188.0
-7898.0  ,  -3025.0
541.0  ,  -12072.0
-9831.0  ,  -5222.0
-4097.0  ,  -5524.0
-4030.0  ,  -11246.0
-7333.0  ,  -6145.0
3421.0  ,  -10702.0
-9015.0  ,  -7786.0
-1271.0  ,  -7324.0
-3643.0  ,  -10874.0
-5666.0  ,  -7858.0
3744.0  ,  -9745.0
-7817.0  ,  -10177.0
381.0  ,  -6463.0
-2712.0  ,  -11850.0
-4242.0  ,  -6491.0
4681.0  ,  -11019.0
-6762.0  ,  -9613.0
1101.0  ,  -6515.0
-620.0  ,  -12247.0
-2849.0  ,  -6078.0
7408.0  ,  -10372.0
-7511.0  ,  -9020.0
2760.0  ,  -7806.0
704.0  ,  -12116.0
-73.0  ,  -7490.0
8179.0  ,  -7839.0
-4364.0  ,  -11026.0
5327.0  ,  -6462.0
1136.0  ,  -11892.0
1911.0  ,  -7501.0
8361.0  ,  -7216.0
-1841.0  ,  -11500.0
5565.0  ,  -4926.0
3161.0  ,  -12445.0
2680.0  ,  -5607.0
10037.0  ,  -7879.0
-1317.0  ,  -10440.0
7122.0  ,  -4765.0
3514.0  ,  -11136.0
3746.0  ,  -4350.0
10542.0  ,  -6396.0
-1715.0  ,  -10862.0
9163.0  ,  -3842.0
5425.0  ,  -10896.0
5995.0  ,  -3552.0
9379.0  ,  -4929.0
2199.0  ,  -10699.0
9807.0  ,  -1861.0
6489.0  ,  -10304.0
6814.0  ,  -1821.0
10130.0  ,  -4040.0
4329.0  ,  -9059.0
9166.0  ,  -635.0
7663.0  ,  -9480.0
6714.0  ,  -930.0
12442.0  ,  -3493.0
3944.0  ,  -7915.0
10344.0  ,  212.0
7344.0  ,  -8215.0
7310.0  ,  863.0
11422.0  ,  -1651.0
4756.0  ,  -8270.0
11284.0  ,  2372.0
8606.0  ,  -6924.0
7574.0  ,  3148.0
10272.0  ,  -1740.0
7307.0  ,  -5694.0
10270.0  ,  4250.0
10484.0  ,  -5236.0
6312.0  ,  4702.0
11405.0  ,  -621.0
7705.0  ,  -2760.0
9397.0  ,  4619.0
10661.0  ,  -3718.0
5958.0  ,  5705.0
12603.0  ,  1477.0
6926.0  ,  -2447.0
9545.0  ,  6080.0
9471.0  ,  -3623.0
5636.0  ,  7447.0
11359.0  ,  1767.0
7017.0  ,  -1102.0
8589.0  ,  7727.0
9909.0  ,  -1267.0
3847.0  ,  8811.0
11745.0  ,  1378.0
7030.0  ,  1707.0
7902.0  ,  9071.0
10082.0  ,  1789.0
2499.0  ,  8620.0
11551.0  ,  3923.0
5382.0  ,  3472.0
7136.0  ,  9288.0
8670.0  ,  2288.0
1903.0  ,  9832.0
10706.0  ,  6191.0
4864.0  ,  3849.0
6288.0  ,  9937.0
7668.0  ,  1984.0
500.0  ,  11228.0
10113.0  ,  5696.0
3875.0  ,  5261.0
4757.0  ,  10463.0
7333.0  ,  4438.0
-1741.0  ,  10586.0
10484.0  ,  6042.0
2229.0  ,  7161.0
3367.0  ,  11119.0
5345.0  ,  6416.0
-2156.0  ,  9328.0
9096.0  ,  8988.0
-277.0  ,  7176.0
2481.0  ,  12025.0
3173.0  ,  5899.0
-3113.0  ,  10759.0
6717.0  ,  9957.0
-929.0  ,  6920.0
1648.0  ,  11570.0
3405.0  ,  5379.0
-5675.0  ,  11348.0
6571.0  ,  8992.0
-2246.0  ,  7543.0
714.0  ,  11010.0
1703.0  ,  7132.0
-6361.0  ,  9112.0
6591.0  ,  10281.0
-4708.0  ,  7133.0
-1295.0  ,  11622.0
-960.0  ,  6865.0
-5848.0  ,  8454.0
2976.0  ,  11497.0
-6459.0  ,  5809.0
-3274.0  ,  12082.0
-1892.0  ,  4903.0
-7986.0  ,  9478.0
530.0  ,  10670.0
-7285.0  ,  5476.0
-3142.0  ,  10739.0
-2477.0  ,  5041.0
-9993.0  ,  8362.0
916.0  ,  10108.0
-8907.0  ,  4815.0
-3434.0  ,  10599.0
-4945.0  ,  4848.0
-8911.0  ,  5890.0
-832.0  ,  10916.0
-9560.0  ,  2458.0
-6024.0  ,  10121.0
-6403.0  ,  2684.0
-8844.0  ,  6236.0
-4596.0  ,  9490.0
-10262.0  ,  996.0
-8200.0  ,  8828.0
-5770.0  ,  700.0
-11840.0  ,  6576.0
-5186.0  ,  7331.0
-11141.0  ,  345.0
-6991.0  ,  7178.0
-6459.0  ,  -121.0
-12999.0  ,  4214.0
-5017.0  ,  6522.0
-11444.0  ,  -1224.0
-6489.0  ,  7773.0
-8077.0  ,  -1609.0
-10336.0  ,  2780.0
-6609.0  ,  6411.0
-10275.0  ,  -3202.0
-9611.0  ,  6123.0
-7406.0  ,  -3092.0
-11295.0  ,  3101.0
-8226.0  ,  2773.0
-10008.0  ,  -4383.0
-10062.0  ,  3496.0
-6218.0  ,  -4120.0
-13384.0  ,  546.0
-7058.0  ,  635.0
-10638.0  ,  -6208.0
-8234.0  ,  3376.0
-6633.0  ,  -5531.0
-13071.0  ,  -1376.0
-7283.0  ,  55.0
-9565.0  ,  -7139.0
-8597.0  ,  3606.0
-6290.0  ,  -8181.0
-11328.0  ,  -887.0
-8044.0  ,  -1906.0
-8007.0  ,  -7499.0
-10769.0  ,  -56.0
-4169.0  ,  -8297.0
-12548.0  ,  -2125.0
-6311.0  ,  -4362.0
-7485.0  ,  -8366.0
-8702.0  ,  -2694.0
-3317.0  ,  -8402.0
-12706.0  ,  -6138.0
-3964.0  ,  -5622.0
-7241.0  ,  -10906.0
-6238.0  ,  -1893.0
-2550.0  ,  -10506.0
-10645.0  ,  -6771.0
-3380.0  ,  -6115.0
-5457.0  ,  -10669.0
-7111.0  ,  -1781.0
-667.0  ,  -11841.0
-9879.0  ,  -5362.0
-2568.0  ,  -7910.0
-4299.0  ,  -10440.0
-6984.0  ,  -6378.0
754.0  ,  -10012.0
-10606.0  ,  -8524.0
-46.0  ,  -8257.0
-3769.0  ,  -10882.0
-3893.0  ,  -6603.0
970.0  ,  -10214.0
-7063.0  ,  -10940.0
2244.0  ,  -7949.0
-1987.0  ,  -12620.0
-2321.0  ,  -4549.0
3391.0  ,  -11685.0
-5396.0  ,  -9564.0
3539.0  ,  -8511.0
-600.0  ,  -11274.0
-2582.0  ,  -4868.0
5821.0  ,  -11094.0
-5646.0  ,  -9227.0
5594.0  ,  -8515.0
-545.0  ,  -11091.0
384.0  ,  -8141.0
5075.0  ,  -9458.0
-3191.0  ,  -11786.0
6846.0  ,  -6027.0
823.0  ,  -12169.0
2511.0  ,  -6196.0
5912.0  ,  -10195.0
383.0  ,  -11681.0
8061.0  ,  -5292.0
3532.0  ,  -11831.0
2211.0  ,  -3772.0
9100.0  ,  -9644.0
1021.0  ,  -9260.0
10278.0  ,  -4966.0
3276.0  ,  -9890.0
3272.0  ,  -4247.0
10280.0  ,  -7654.0
1551.0  ,  -8996.0
11800.0  ,  -3317.0
3235.0  ,  -10496.0
6575.0  ,  -3969.0
8855.0  ,  -6938.0
4716.0  ,  -9368.0
10329.0  ,  -765.0
6783.0  ,  -10273.0
6994.0  ,  -2070.0
10278.0  ,  -7237.0
6423.0  ,  -7189.0
10726.0  ,  -90.0
8019.0  ,  -8373.0
5982.0  ,  -194.0
12233.0  ,  -4958.0
5954.0  ,  -4339.0
12621.0  ,  1602.0
6322.0  ,  -7725.0
7181.0  ,  585.0
11873.0  ,  -2509.0
6483.0  ,  -3866.0
12474.0  ,  4134.0
7170.0  ,  -7431.0
8577.0  ,  2611.0
11247.0  ,  -2868.0
8662.0  ,  -1594.0
9546.0  ,  4551.0
10957.0  ,  -5408.0
7290.0  ,  4442.0
13125.0  ,  -2298.0
7847.0  ,  921.0
10046.0  ,  5010.0
10270.0  ,  -2792.0
6254.0  ,  5402.0
13322.0  ,  368.0
5928.0  ,  2347.0
10725.0  ,  7282.0
8321.0  ,  -3152.0
6411.0  ,  7111.0
10899.0  ,  2002.0
6042.0  ,  3399.0
8541.0  ,  9569.0
9118.0  ,  -2980.0
5523.0  ,  9079.0
11442.0  ,  2218.0
5745.0  ,  6017.0
6868.0  ,  8103.0
10705.0  ,  1748.0
3552.0  ,  8984.0
12918.0  ,  4249.0
3326.0  ,  6880.0
7506.0  ,  8960.0
8744.0  ,  3429.0
2786.0  ,  9504.0
11356.0  ,  6536.0
1472.0  ,  7227.0
6592.0  ,  11333.0
7274.0  ,  1841.0
1609.0  ,  11136.0
8665.0  ,  5869.0
342.0  ,  8560.0
4810.0  ,  10701.0
7584.0  ,  2598.0
-557.0  ,  11872.0
8412.0  ,  7076.0
-2835.0  ,  9426.0
3582.0  ,  9896.0
5538.0  ,  7032.0
-1468.0  ,  10258.0
7810.0  ,  10342.0
-4143.0  ,  8042.0
3185.0  ,  11558.0
3035.0  ,  7075.0
-2330.0  ,  10583.0
5912.0  ,  10470.0
-4978.0  ,  7646.0
1934.0  ,  12849.0
2566.0  ,  5572.0
-4433.0  ,  11664.0
4213.0  ,  8559.0
-7545.0  ,  7800.0
1368.0  ,  11133.0
2294.0  ,  6758.0
-6426.0  ,  10764.0
2844.0  ,  9693.0
-9693.0  ,  6019.0
232.0  ,  10866.0
-1950.0  ,  7554.0
-6114.0  ,  9199.0
148.0  ,  10823.0
-9432.0  ,  3873.0
-2090.0  ,  11835.0
-3269.0  ,  5173.0
-7304.0  ,  9506.0
-1570.0  ,  9484.0
-10248.0  ,  3577.0
-3539.0  ,  11962.0
-3657.0  ,  4365.0
-8698.0  ,  8627.0
-1327.0  ,  7587.0
-12136.0  ,  2174.0
-2442.0  ,  11319.0
-4925.0  ,  4177.0
-10033.0  ,  6969.0
-3502.0  ,  7228.0
-11758.0  ,  -112.0
-3824.0  ,  10701.0
-7786.0  ,  2676.0
-9744.0  ,  6197.0
-6004.0  ,  6068.0
-10633.0  ,  -2191.0
-7001.0  ,  9427.0
-7021.0  ,  339.0
-10706.0  ,  5826.0
-5945.0  ,  4493.0
-11938.0  ,  -2358.0
-7753.0  ,  8406.0
-6967.0  ,  -609.0
-11312.0  ,  4517.0
-5369.0  ,  3055.0
-12015.0  ,  -4027.0
-7281.0  ,  8825.0
-8180.0  ,  -1965.0
-11056.0  ,  3396.0
-6637.0  ,  708.0
-10297.0  ,  -4570.0
-8921.0  ,  7764.0
-8415.0  ,  -4759.0
-12115.0  ,  1767.0
-6617.0  ,  -2091.0
-9051.0  ,  -5275.0
-10136.0  ,  4236.0
-6295.0  ,  -5398.0
-12508.0  ,  512.0
-5979.0  ,  -2527.0
-10155.0  ,  -7138.0
-9860.0  ,  2517.0
-5912.0  ,  -6397.0
-11820.0  ,  -956.0
-4879.0  ,  -3462.0
-9241.0  ,  -8457.0
-9385.0  ,  2720.0
-5642.0  ,  -8319.0
-11001.0  ,  -1530.0
-4036.0  ,  -5523.0
-7832.0  ,  -7786.0
-10406.0  ,  1013.0
-4415.0  ,  -10239.0
-11336.0  ,  -3860.0
-2262.0  ,  -6953.0
-7155.0  ,  -7788.0
-9161.0  ,  -2662.0
-2722.0  ,  -9579.0
-10410.0  ,  -5738.0
-639.0  ,  -7160.0
-7041.0  ,  -10377.0
-7386.0  ,  -2987.0
-2205.0  ,  -10214.0
-9206.0  ,  -5314.0
-158.0  ,  -7707.0
-5521.0  ,  -10920.0
-7500.0  ,  -2839.0
-414.0  ,  -11327.0
-8724.0  ,  -5812.0
1919.0  ,  -8379.0
-5291.0  ,  -9916.0
-6848.0  ,  -5416.0
1555.0  ,  -11623.0
-6864.0  ,  -8358.0
3868.0  ,  -7644.0
-5226.0  ,  -10625.0
-3352.0  ,  -6447.0
2433.0  ,  -10902.0
-4970.0  ,  -9227.0
4378.0  ,  -7235.0
-2542.0  ,  -12406.0
-2124.0  ,  -6136.0
3274.0  ,  -11093.0
-4515.0  ,  -8080.0
6293.0  ,  -7842.0
-1649.0  ,  -11976.0
-1572.0  ,  -6406.0
4822.0  ,  -10458.0
-4219.0  ,  -8474.0
8522.0  ,  -6618.0
-1718.0  ,  -10930.0
405.0  ,  -7206.0
6455.0  ,  -9430.0
-771.0  ,  -9478.0
8198.0  ,  -4756.0
-355.0  ,  -12706.0
3525.0  ,  -5766.0
7540.0  ,  -9594.0
1731.0  ,  -7944.0
8826.0  ,  -4119.0
2769.0  ,  -12381.0
4103.0  ,  -4678.0
8246.0  ,  -8931.0
1168.0  ,  -7018.0
11072.0  ,  -4091.0
3723.0  ,  -11444.0
5217.0  ,  -4311.0
8597.0  ,  -7426.0
2016.0  ,  -7240.0
11540.0  ,  -1276.0
2839.0  ,  -10948.0
6776.0  ,  -3364.0
9031.0  ,  -6476.0
5137.0  ,  -6059.0
9984.0  ,  -573.0
6247.0  ,  -11317.0
8199.0  ,  -462.0
11393.0  ,  -5664.0
5437.0  ,  -3284.0
10866.0  ,  -397.0
8012.0  ,  -9050.0
7849.0  ,  625.0
11150.0  ,  -4449.0
4403.0  ,  -2894.0
12835.0  ,  1576.0
7842.0  ,  -7531.0
8518.0  ,  1956.0
10019.0  ,  -4181.0
5912.0  ,  -2285.0
11377.0  ,  3598.0
8050.0  ,  -7596.0
8310.0  ,  3785.0
11080.0  ,  -2827.0
7016.0  ,  889.0
9707.0  ,  3397.0
10352.0  ,  -5540.0
7062.0  ,  5622.0
12156.0  ,  -421.0
5840.0  ,  2293.0
10842.0  ,  3997.0
10253.0  ,  -2216.0
6979.0  ,  7067.0
11411.0  ,  1021.0
4555.0  ,  2802.0
11366.0  ,  7155.0
9321.0  ,  -1416.0
6590.0  ,  8307.0
10327.0  ,  -29.0
4968.0  ,  4397.0
8901.0  ,  7435.0
10130.0  ,  -1244.0
5249.0  ,  9380.0
11402.0  ,  1886.0
3710.0  ,  6728.0
8490.0  ,  6692.0
9952.0  ,  1923.0
2963.0  ,  9599.0
10461.0  ,  5103.0
2068.0  ,  6309.0
9128.0  ,  8928.0
7267.0  ,  4322.0
2462.0  ,  11525.0
8273.0  ,  6092.0
499.0  ,  6657.0
8027.0  ,  11525.0
6381.0  ,  4062.0
1384.0  ,  12227.0
8608.0  ,  3835.0
-176.0  ,  8686.0
5487.0  ,  10041.0
5525.0  ,  5519.0
-517.0  ,  11378.0
8215.0  ,  7119.0
-2266.0  ,  8709.0
6234.0  ,  10130.0
4020.0  ,  7384.0
-1904.0  ,  10440.0
5462.0  ,  9153.0
-2930.0  ,  7455.0
4393.0  ,  12795.0
1071.0  ,  7372.0
-3105.0  ,  11907.0
3617.0  ,  8113.0
-4387.0  ,  7533.0
1695.0  ,  13168.0
-77.0  ,  6720.0
-5066.0  ,  11712.0
4782.0  ,  6424.0
-6976.0  ,  8346.0
1609.0  ,  11684.0
-1601.0  ,  7522.0
-5278.0  ,  9974.0
2402.0  ,  9498.0
-8040.0  ,  6561.0
1264.0  ,  12417.0
-3996.0  ,  6815.0
-6017.0  ,  9114.0
-920.0  ,  9363.0
-7626.0  ,  5337.0
-1994.0  ,  13205.0
-5870.0  ,  5010.0
-7829.0  ,  9601.0
-1938.0  ,  6878.0
-9271.0  ,  5196.0
-4374.0  ,  11530.0
-6934.0  ,  3651.0
-9678.0  ,  7988.0
-716.0  ,  5853.0
-11823.0  ,  3823.0
-4094.0  ,  10362.0
-8601.0  ,  2766.0
-8443.0  ,  7044.0
-3672.0  ,  6795.0
-10961.0  ,  1799.0
-5021.0  ,  10815.0
-9067.0  ,  858.0
-9380.0  ,  6359.0
-6542.0  ,  5121.0
-10208.0  ,  1533.0
-8641.0  ,  9847.0
-8497.0  ,  -1135.0
-11155.0  ,  5540.0
-4980.0  ,  2796.0
-12559.0  ,  286.0
-8987.0  ,  6572.0
-9301.0  ,  -2914.0
-11158.0  ,  3354.0
-3805.0  ,  2416.0
-13425.0  ,  -2822.0
-7752.0  ,  5960.0
-10244.0  ,  -4971.0
-9941.0  ,  3484.0
-6477.0  ,  1020.0
-11139.0  ,  -3340.0
-9771.0  ,  5003.0
-8184.0  ,  -6627.0
-11681.0  ,  2053.0
-7202.0  ,  -2011.0
-10704.0  ,  -3113.0
-11380.0  ,  2565.0
-6483.0  ,  -7257.0
-12190.0  ,  -347.0
-5244.0  ,  -3037.0
-11796.0  ,  -5182.0
-9041.0  ,  -458.0
-6836.0  ,  -8906.0
-10862.0  ,  -1026.0
-4064.0  ,  -3408.0
-10220.0  ,  -8148.0
-7954.0  ,  -611.0
-5792.0  ,  -11796.0
-10047.0  ,  -350.0
-4651.0  ,  -5400.0
-8700.0  ,  -7805.0
-8669.0  ,  -2806.0
-3235.0  ,  -11184.0
-11073.0  ,  -3202.0
-3068.0  ,  -7549.0
-9578.0  ,  -8009.0
-7829.0  ,  -5402.0
-1946.0  ,  -10086.0
-10541.0  ,  -6008.0
-1004.0  ,  -7381.0
-8984.0  ,  -10174.0
-4574.0  ,  -5901.0
-1654.0  ,  -11943.0
-8645.0  ,  -5396.0
208.0  ,  -7440.0
-5719.0  ,  -11138.0
-3243.0  ,  -5795.0
850.0  ,  -13326.0
-8926.0  ,  -4527.0
1299.0  ,  -9418.0
-4663.0  ,  -10399.0
-2401.0  ,  -7536.0
2869.0  ,  -11463.0
-7632.0  ,  -7760.0
3622.0  ,  -8816.0
-5119.0  ,  -11434.0
327.0  ,  -8168.0
2679.0  ,  -10352.0
-4767.0  ,  -10118.0
4563.0  ,  -7432.0
-3070.0  ,  -13977.0
1977.0  ,  -6506.0
3957.0  ,  -11939.0
-3367.0  ,  -8042.0
6028.0  ,  -7744.0
-519.0  ,  -12124.0
3759.0  ,  -5773.0
6527.0  ,  -11139.0
-4689.0  ,  -7348.0
8458.0  ,  -7801.0
413.0  ,  -11214.0
6183.0  ,  -5538.0
6805.0  ,  -8659.0
-1296.0  ,  -9391.0
8981.0  ,  -5638.0
1512.0  ,  -12454.0
7615.0  ,  -4240.0
7013.0  ,  -8445.0
2177.0  ,  -8838.0
8745.0  ,  -4472.0
3785.0  ,  -12805.0
7308.0  ,  -2480.0
8904.0  ,  -9464.0
2446.0  ,  -6765.0
10701.0  ,  -4081.0
4584.0  ,  -10093.0
8644.0  ,  -894.0
9582.0  ,  -7601.0
1359.0  ,  -6652.0
12203.0  ,  -2153.0
4974.0  ,  -8997.0
10143.0  ,  999.0
8698.0  ,  -6176.0
4901.0  ,  -5918.0
11302.0  ,  -504.0
7549.0  ,  -8917.0
9278.0  ,  3541.0
9958.0  ,  -5461.0
6874.0  ,  -3526.0
10709.0  ,  -84.0
9013.0  ,  -7457.0
8513.0  ,  4111.0
11982.0  ,  -4452.0
5391.0  ,  -1959.0
11799.0  ,  1209.0
7811.0  ,  -5540.0
9098.0  ,  6106.0
11451.0  ,  -3638.0
5460.0  ,  -1730.0
12060.0  ,  3735.0
7802.0  ,  -3957.0
8272.0  ,  8417.0
10582.0  ,  -3950.0
7501.0  ,  823.0
10824.0  ,  4450.0
9538.0  ,  -1622.0
5761.0  ,  9197.0
11718.0  ,  -1217.0
6262.0  ,  3606.0
10569.0  ,  4616.0
9497.0  ,  870.0
4948.0  ,  9397.0
12688.0  ,  980.0
4215.0  ,  4260.0
10442.0  ,  6024.0
7775.0  ,  666.0
4704.0  ,  11195.0
11745.0  ,  1098.0
4214.0  ,  5277.0
9484.0  ,  7204.0
6392.0  ,  2179.0
2983.0  ,  11967.0
11773.0  ,  401.0
3399.0  ,  7137.0
8479.0  ,  8723.0
5500.0  ,  5110.0
945.0  ,  10786.0
10913.0  ,  4053.0
1327.0  ,  7827.0
8099.0  ,  9435.0
3842.0  ,  6105.0
372.0  ,  11191.0
9475.0  ,  6145.0
206.0  ,  7350.0
6805.0  ,  10661.0
2767.0  ,  5382.0
-754.0  ,  12646.0
9142.0  ,  5881.0
-686.0  ,  8672.0
5660.0  ,  9822.0
1560.0  ,  5831.0
-2875.0  ,  11888.0
9298.0  ,  6199.0
-3157.0  ,  9596.0
4054.0  ,  11385.0
-1136.0  ,  6724.0
-2827.0  ,  9961.0
6615.0  ,  8858.0
-4991.0  ,  8244.0
3140.0  ,  12066.0
-2793.0  ,  6182.0
-3961.0  ,  10705.0
3565.0  ,  9356.0
-5554.0  ,  7056.0
1425.0  ,  12136.0
-3757.0  ,  5439.0
-5447.0  ,  11576.0
3360.0  ,  8507.0
-7109.0  ,  7250.0
1247.0  ,  11007.0
-5287.0  ,  4802.0
-5858.0  ,  9796.0
2924.0  ,  9142.0
-9052.0  ,  6410.0
-926.0  ,  11248.0
-6866.0  ,  3417.0
-5197.0  ,  9660.0
-951.0  ,  9120.0
-9730.0  ,  5074.0
-3675.0  ,  11220.0
-7406.0  ,  1713.0
-7321.0  ,  9583.0
-2695.0  ,  7359.0
-9574.0  ,  4306.0
-4322.0  ,  9861.0
-8173.0  ,  1099.0
-9365.0  ,  8761.0
-3018.0  ,  6915.0
-10802.0  ,  3471.0
-3077.0  ,  9320.0
-9442.0  ,  -358.0
-8336.0  ,  7121.0
-4059.0  ,  6566.0
-10870.0  ,  1498.0
-5882.0  ,  8599.0
-8928.0  ,  -2298.0
-8830.0  ,  7965.0
-6011.0  ,  4202.0
-11795.0  ,  -85.0
-8132.0  ,  6472.0
-7975.0  ,  -3254.0
-11104.0  ,  6022.0
-6161.0  ,  1987.0
-11836.0  ,  -615.0
-7085.0  ,  4601.0
-9023.0  ,  -4682.0
-11927.0  ,  4253.0
-6015.0  ,  1485.0
-11892.0  ,  -2002.0
-6621.0  ,  4719.0
-8660.0  ,  -6862.0
-10517.0  ,  4205.0
-6836.0  ,  -112.0
-10754.0  ,  -3539.0
-8549.0  ,  2593.0
-6677.0  ,  -7613.0
-11729.0  ,  3366.0
-6919.0  ,  -3328.0
-10756.0  ,  -4654.0
-8130.0  ,  -342.0
-5809.0  ,  -7445.0
-12905.0  ,  753.0
-5289.0  ,  -4765.0
-10711.0  ,  -6069.0
-6218.0  ,  -1302.0
-6522.0  ,  -9339.0
-12110.0  ,  -1587.0
-4861.0  ,  -5265.0
-9557.0  ,  -6465.0
-6165.0  ,  -1083.0
-4947.0  ,  -11164.0
-10937.0  ,  -973.0
-4175.0  ,  -6806.0
-8663.0  ,  -7136.0
-6645.0  ,  -3795.0
-3002.0  ,  -10068.0
-12181.0  ,  -2729.0
-1907.0  ,  -7962.0
-7892.0  ,  -8784.0
-4328.0  ,  -5176.0
-3102.0  ,  -10246.0
-10615.0  ,  -5883.0
-353.0  ,  -8561.0
-6692.0  ,  -10749.0
-2697.0  ,  -4426.0
-2153.0  ,  -12717.0
-8655.0  ,  -6216.0
194.0  ,  -9320.0
-5677.0  ,  -9187.0
-1972.0  ,  -5144.0
615.0  ,  -12719.0
-8039.0  ,  -6359.0
2362.0  ,  -9669.0
-5617.0  ,  -9759.0
-436.0  ,  -7379.0
1538.0  ,  -10062.0
-7629.0  ,  -8369.0
4295.0  ,  -8595.0
-3447.0  ,  -11213.0
1589.0  ,  -6345.0
1126.0  ,  -11272.0
-4028.0  ,  -9555.0
5681.0  ,  -8443.0
-1265.0  ,  -11888.0
2952.0  ,  -4383.0
3462.0  ,  -13358.0
-2156.0  ,  -8631.0
7264.0  ,  -8645.0
-1267.0  ,  -9824.0
4093.0  ,  -5310.0
5331.0  ,  -11838.0
-1630.0  ,  -8375.0
8397.0  ,  -7421.0
-1547.0  ,  -10908.0
6557.0  ,  -5470.0
4261.0  ,  -9816.0
288.0  ,  -9848.0
8930.0  ,  -5517.0
1851.0  ,  -11463.0
7096.0  ,  -3244.0
5534.0  ,  -10955.0
3550.0  ,  -7746.0
10041.0  ,  -4997.0
3947.0  ,  -9535.0
7028.0  ,  -1628.0
9094.0  ,  -10785.0
3806.0  ,  -5985.0
12089.0  ,  -4171.0
2498.0  ,  -8237.0
8934.0  ,  -1441.0
9593.0  ,  -8446.0
4653.0  ,  -5313.0
11888.0  ,  -2286.0
3582.0  ,  -9219.0
9945.0  ,  734.0
7694.0  ,  -7787.0
6744.0  ,  -4817.0
10894.0  ,  -947.0
7423.0  ,  -8069.0
8701.0  ,  2236.0
10919.0  ,  -8206.0
7485.0  ,  -1402.0
11374.0  ,  -439.0
7310.0  ,  -4863.0
8622.0  ,  2924.0
12968.0  ,  -5102.0
6736.0  ,  287.0
13306.0  ,  2620.0
5393.0  ,  -4232.0
10004.0  ,  5141.0
11500.0  ,  -3559.0
7323.0  ,  1442.0
11493.0  ,  2931.0
6246.0  ,  -4821.0
8970.0  ,  7289.0
10805.0  ,  -3878.0
7740.0  ,  3475.0
10402.0  ,  3552.0
9620.0  ,  -1009.0
7021.0  ,  6919.0
13249.0  ,  -1623.0
5760.0  ,  5173.0
10953.0  ,  4811.0
7154.0  ,  1228.0
7173.0  ,  7795.0
12969.0  ,  2289.0
4513.0  ,  6659.0
10419.0  ,  6883.0
5586.0  ,  324.0
6437.0  ,  10726.0
10480.0  ,  2005.0
4207.0  ,  8748.0
8842.0  ,  6505.0
6508.0  ,  1025.0
4557.0  ,  11585.0
10570.0  ,  2298.0
2334.0  ,  10221.0
8611.0  ,  7178.0
5689.0  ,  5533.0
3530.0  ,  9829.0
11445.0  ,  5725.0
32.0  ,  9181.0
8364.0  ,  9002.0
3221.0  ,  5679.0
3506.0  ,  11544.0
8041.0  ,  8173.0
-1099.0  ,  9357.0
6644.0  ,  10331.0
1820.0  ,  4600.0
848.0  ,  13039.0
6314.0  ,  6520.0
-3309.0  ,  11306.0
5125.0  ,  8893.0
1389.0  ,  5467.0
-1396.0  ,  12426.0
6283.0  ,  7306.0
-5308.0  ,  10828.0
5247.0  ,  9658.0
-1260.0  ,  7424.0
-606.0  ,  11470.0
3505.0  ,  10023.0
-6295.0  ,  7842.0
2794.0  ,  12168.0
-3193.0  ,  6149.0
-1823.0  ,  12690.0
1030.0  ,  9480.0
-7457.0  ,  8241.0
986.0  ,  11376.0
-3315.0  ,  4979.0
-5000.0  ,  12196.0
-178.0  ,  7265.0
-9710.0  ,  8315.0
1855.0  ,  9762.0
-5173.0  ,  5584.0
-6455.0  ,  10455.0
-970.0  ,  7885.0
-11224.0  ,  5923.0
246.0  ,  11050.0
-7863.0  ,  4688.0
-5254.0  ,  10028.0
-4459.0  ,  8093.0
-9799.0  ,  3826.0
-3535.0  ,  11786.0
-7836.0  ,  2174.0
-7462.0  ,  11301.0
-5656.0  ,  5321.0
-10857.0  ,  4050.0
-4477.0  ,  9422.0
-7983.0  ,  849.0
-10085.0  ,  9124.0
-5262.0  ,  3077.0
-12700.0  ,  2818.0
-2746.0  ,  8963.0
-9698.0  ,  253.0
-9094.0  ,  6638.0
-6889.0  ,  2476.0
-12436.0  ,  -550.0
-5004.0  ,  9256.0
-10345.0  ,  -2003.0
-9682.0  ,  7156.0
-8400.0  ,  233.0
-10404.0  ,  -454.0
-8844.0  ,  6764.0
-8676.0  ,  -3297.0
-12515.0  ,  6024.0
-7159.0  ,  -1919.0
-12011.0  ,  -1223.0
-7962.0  ,  4162.0
-8898.0  ,  -4241.0
-12273.0  ,  3569.0
-6292.0  ,  -3259.0
-12730.0  ,  -3160.0
-6166.0  ,  4781.0
-9534.0  ,  -6626.0
-10445.0  ,  2333.0
-6366.0  ,  -5622.0
-10556.0  ,  -4129.0
-8086.0  ,  3761.0
-8304.0  ,  -8359.0
-11558.0  ,  1139.0
-4970.0  ,  -8077.0
-9732.0  ,  -4433.0
-8801.0  ,  -657.0
-6518.0  ,  -7822.0
-12821.0  ,  -959.0
-3298.0  ,  -7966.0
-10900.0  ,  -5816.0
-7237.0  ,  -2483.0
-6073.0  ,  -8796.0
-11406.0  ,  -2734.0
-2595.0  ,  -8748.0
-10471.0  ,  -7064.0
-6409.0  ,  -1780.0
-5549.0  ,  -11244.0
-9298.0  ,  -2321.0
-463.0  ,  -10800.0
-8823.0  ,  -6500.0
-6272.0  ,  -2541.0
-3491.0  ,  -11943.0
-9088.0  ,  -4934.0
2111.0  ,  -10693.0
-8426.0  ,  -7230.0
-3944.0  ,  -5732.0
-2867.0  ,  -10735.0
-7733.0  ,  -7385.0
3554.0  ,  -9526.0
-7528.0  ,  -9844.0
-2075.0  ,  -5888.0
-2044.0  ,  -11310.0
-6768.0  ,  -7003.0
4275.0  ,  -10195.0
-6442.0  ,  -10676.0
-1237.0  ,  -5598.0
-171.0  ,  -12303.0
-4845.0  ,  -6222.0
6804.0  ,  -10202.0
-6457.0  ,  -9162.0
-128.0  ,  -6639.0
1702.0  ,  -12280.0
-2994.0  ,  -7866.0
7885.0  ,  -8183.0
-5284.0  ,  -10539.0
2967.0  ,  -7172.0
1850.0  ,  -11342.0
-428.0  ,  -8798.0
7772.0  ,  -6791.0
-2294.0  ,  -12132.0
4141.0  ,  -5197.0
3264.0  ,  -12034.0
892.0  ,  -7165.0
9349.0  ,  -7491.0
-1040.0  ,  -11653.0
4983.0  ,  -5049.0
4583.0  ,  -11168.0
943.0  ,  -6288.0
11075.0  ,  -6058.0
-1536.0  ,  -11293.0
6963.0  ,  -5222.0
5808.0  ,  -10258.0
3719.0  ,  -5437.0
9987.0  ,  -4601.0
412.0  ,  -11687.0
8575.0  ,  -3171.0
7037.0  ,  -10270.0
5782.0  ,  -3840.0
9884.0  ,  -3711.0
3925.0  ,  -10490.0
8174.0  ,  -1403.0
8331.0  ,  -9509.0
5549.0  ,  -2879.0
12331.0  ,  -2881.0
3948.0  ,  -9519.0
9010.0  ,  -655.0
7797.0  ,  -8402.0
5694.0  ,  -2102.0
12149.0  ,  -1101.0
3733.0  ,  -9802.0
10390.0  ,  879.0
8742.0  ,  -7307.0
6801.0  ,  816.0
10624.0  ,  -851.0
6462.0  ,  -8338.0
10132.0  ,  3405.0
10795.0  ,  -5792.0
6538.0  ,  2619.0
10871.0  ,  -277.0
7993.0  ,  -5094.0
9020.0  ,  3981.0
11111.0  ,  -3750.0
6010.0  ,  3624.0
12813.0  ,  1848.0
7066.0  ,  -4159.0
9413.0  ,  5111.0
9860.0  ,  -4098.0
5976.0  ,  4851.0
11673.0  ,  2708.0
7712.0  ,  -3687.0
8600.0  ,  7094.0
10503.0  ,  -2476.0
5064.0  ,  6838.0
10309.0  ,  2498.0
8616.0  ,  -1241.0
7449.0  ,  8825.0
11182.0  ,  493.0
3335.0  ,  7313.0
11057.0  ,  3706.0
7300.0  ,  1580.0
6707.0  ,  8868.0
9914.0  ,  2083.0
2700.0  ,  7874.0
11079.0  ,  6720.0
6011.0  ,  2586.0
6133.0  ,  9904.0
8765.0  ,  1652.0
1916.0  ,  9694.0
9767.0  ,  6467.0
6388.0  ,  3006.0
4540.0  ,  10714.0
9300.0  ,  3036.0
-426.0  ,  10270.0
9531.0  ,  5971.0
5359.0  ,  5645.0
3152.0  ,  10739.0
7560.0  ,  5935.0
-1968.0  ,  8858.0
9675.0  ,  8554.0
2029.0  ,  6473.0
2112.0  ,  12085.0
5225.0  ,  6246.0
-2358.0  ,  9620.0
7315.0  ,  10519.0
1372.0  ,  5984.0
1179.0  ,  12049.0
5111.0  ,  4920.0
-4473.0  ,  11003.0
6522.0  ,  9774.0
399.0  ,  6937.0
-103.0  ,  11267.0
4749.0  ,  7301.0
-6538.0  ,  9051.0
6785.0  ,  9942.0
-1807.0  ,  7572.0
-1087.0  ,  11009.0
1437.0  ,  7979.0
-5812.0  ,  7927.0
4083.0  ,  12249.0
-4546.0  ,  6179.0
-3942.0  ,  12377.0
-983.0  ,  6030.0
-7060.0  ,  8743.0
1365.0  ,  12006.0
-5169.0  ,  5468.0
-4300.0  ,  11249.0
-724.0  ,  4761.0
-9898.0  ,  8487.0
1036.0  ,  11024.0
-6875.0  ,  5580.0
-3969.0  ,  9983.0
-2218.0  ,  6095.0
-9972.0  ,  5453.0
787.0  ,  11473.0
-8333.0  ,  4165.0
-5270.0  ,  10111.0
-4950.0  ,  4990.0
-8851.0  ,  4904.0
-3300.0  ,  11464.0
-8710.0  ,  1863.0
-8097.0  ,  9488.0
-5075.0  ,  2382.0
-10916.0  ,  5731.0
-5181.0  ,  9116.0
-9943.0  ,  786.0
-8430.0  ,  7692.0
-4765.0  ,  1653.0
-13245.0  ,  3710.0
-4878.0  ,  8167.0
-10978.0  ,  -407.0
-6976.0  ,  7597.0
-6745.0  ,  1148.0
-11180.0  ,  1523.0
-6033.0  ,  8006.0
-10312.0  ,  -2486.0
-9440.0  ,  6798.0
-7555.0  ,  -1056.0
-10578.0  ,  1850.0
-8199.0  ,  5910.0
-9363.0  ,  -3842.0
-10759.0  ,  4445.0
-5919.0  ,  -2631.0
-13019.0  ,  390.0
-8031.0  ,  2902.0
-10323.0  ,  -5628.0
-9708.0  ,  2384.0
-5456.0  ,  -3642.0
-14106.0  ,  -2152.0
-7253.0  ,  1976.0
-9926.0  ,  -7170.0
-8488.0  ,  3673.0
-6148.0  ,  -5890.0
-10931.0  ,  -2287.0
-8338.0  ,  921.0
-7909.0  ,  -7785.0
-11470.0  ,  1567.0
-5030.0  ,  -7507.0
-11354.0  ,  -2104.0
-8484.0  ,  -1781.0
-6631.0  ,  -8576.0
-10414.0  ,  -1766.0
-3454.0  ,  -6935.0
-12503.0  ,  -5823.0
-6226.0  ,  -4115.0
-6771.0  ,  -10960.0
-8276.0  ,  -2069.0
-2847.0  ,  -8463.0
-10962.0  ,  -7653.0
-4804.0  ,  -4708.0
-5228.0  ,  -11415.0
-8431.0  ,  -682.0
-1538.0  ,  -10629.0
-9575.0  ,  -6600.0
-4350.0  ,  -6317.0
-3599.0  ,  -10617.0
-8625.0  ,  -4648.0
458.0  ,  -10022.0
-10157.0  ,  -7382.0
-2709.0  ,  -7375.0
-2896.0  ,  -10687.0
-6207.0  ,  -6885.0
1195.0  ,  -9284.0
-8366.0  ,  -11400.0
133.0  ,  -7274.0
-1784.0  ,  -12678.0
-3975.0  ,  -5445.0
2637.0  ,  -10299.0
-5504.0  ,  -10864.0
1765.0  ,  -7735.0
609.0  ,  -12318.0
-5098.0  ,  -4649.0
5393.0  ,  -11398.0
-5411.0  ,  -9729.0
3170.0  ,  -8555.0
870.0  ,  -11152.0
-2655.0  ,  -7750.0
6079.0  ,  -8984.0
-5039.0  ,  -11635.0
5206.0  ,  -7373.0
1342.0  ,  -11420.0
487.0  ,  -7870.0
6042.0  ,  -8715.0
-1332.0  ,  -13273.0
6400.0  ,  -5331.0
4055.0  ,  -12010.0
852.0  ,  -5500.0
8451.0  ,  -9414.0
944.0  ,  -10734.0
8149.0  ,  -5089.0
4800.0  ,  -10476.0
847.0  ,  -5185.0
11161.0  ,  -7746.0
537.0  ,  -9915.0
10412.0  ,  -4276.0
4219.0  ,  -9826.0
3969.0  ,  -6217.0
9557.0  ,  -5719.0
2959.0  ,  -11345.0
10173.0  ,  -1569.0
6189.0  ,  -10576.0
6226.0  ,  -4098.0
9889.0  ,  -6196.0
6273.0  ,  -9776.0
9555.0  ,  2.0
8675.0  ,  -8939.0
5133.0  ,  -1580.0
12212.0  ,  -4803.0
5889.0  ,  -6398.0
11624.0  ,  1331.0
7776.0  ,  -7557.0
5362.0  ,  -1514.0
12626.0  ,  -1894.0
5668.0  ,  -5668.0
12594.0  ,  3971.0
7246.0  ,  -7576.0
7690.0  ,  -45.0
11266.0  ,  -1380.0
8341.0  ,  -4470.0
9913.0  ,  5160.0
10441.0  ,  -6315.0
7799.0  ,  2854.0
12188.0  ,  -1679.0
9011.0  ,  -2116.0
8849.0  ,  5415.0
11455.0  ,  -3347.0
6139.0  ,  3792.0
14064.0  ,  741.0
7080.0  ,  44.0
10134.0  ,  7472.0
9591.0  ,  -3310.0
6051.0  ,  4668.0
12032.0  ,  3674.0
6583.0  ,  766.0
8849.0  ,  9989.0
9648.0  ,  -4043.0
6261.0  ,  6988.0
10999.0  ,  3383.0
6980.0  ,  3794.0
6247.0  ,  9634.0
10989.0  ,  -78.0
4157.0  ,  8252.0
12186.0  ,  4163.0
5694.0  ,  5665.0
5917.0  ,  9028.0
10798.0  ,  3152.0
2484.0  ,  8291.0
12175.0  ,  7006.0
3338.0  ,  5876.0
6207.0  ,  11169.0
8735.0  ,  2021.0
1686.0  ,  9442.0
9085.0  ,  7310.0
1933.0  ,  6478.0
4003.0  ,  12143.0
8869.0  ,  1457.0
120.0  ,  11368.0
8455.0  ,  7643.0
161.0  ,  8318.0
1684.0  ,  10950.0
7994.0  ,  5512.0
-1767.0  ,  10174.0
8258.0  ,  9945.0
-2406.0  ,  8242.0
2048.0  ,  10849.0
5236.0  ,  7763.0
-2685.0  ,  9161.0
6727.0  ,  11867.0
-3121.0  ,  7087.0
953.0  ,  12984.0
3823.0  ,  6194.0
-4225.0  ,  10574.0
4691.0  ,  10005.0
-5260.0  ,  6945.0
-467.0  ,  11844.0
4717.0  ,  6368.0
-6350.0  ,  10578.0
3581.0  ,  9811.0
-7944.0  ,  6528.0
-1035.0  ,  10581.0
1074.0  ,  7775.0
-6890.0  ,  8814.0
1029.0  ,  11702.0
-9009.0  ,  4103.0
-2223.0  ,  11394.0
-1900.0  ,  7386.0
-6999.0  ,  7914.0
-837.0  ,  11715.0
-8909.0  ,  3567.0
-4684.0  ,  12235.0
-2351.0  ,  5617.0
-9096.0  ,  7827.0
-1191.0  ,  9639.0
-10547.0  ,  2420.0
-4738.0  ,  10752.0
-2369.0  ,  5573.0
-10279.0  ,  6294.0
-2134.0  ,  8666.0
-12019.0  ,  -102.0
-4267.0  ,  10269.0
-5634.0  ,  4976.0
-10376.0  ,  5169.0
-5251.0  ,  8215.0
-10365.0  ,  -1904.0
-7177.0  ,  9753.0
-6605.0  ,  2211.0
-10613.0  ,  4715.0
-6805.0  ,  6497.0
-10630.0  ,  -2666.0
-8774.0  ,  8832.0
-5894.0  ,  1133.0
-11717.0  ,  3777.0
-5505.0  ,  5381.0
-11460.0  ,  -4106.0
-8517.0  ,  8241.0
-7073.0  ,  -58.0
-11450.0  ,  2320.0
-6134.0  ,  3482.0
-10589.0  ,  -5714.0
-8579.0  ,  8480.0
-8121.0  ,  -2184.0
-12237.0  ,  689.0
-7628.0  ,  741.0
-8541.0  ,  -6059.0
-10903.0  ,  5472.0
-6702.0  ,  -4164.0
-12216.0  ,  -44.0
-7027.0  ,  -554.0
-8844.0  ,  -7269.0
-11088.0  ,  3342.0
-5865.0  ,  -4832.0
-12037.0  ,  -1200.0
-5827.0  ,  -1093.0
-9026.0  ,  -8878.0
-10412.0  ,  3076.0
-5787.0  ,  -6548.0
-11181.0  ,  -2293.0
-5428.0  ,  -2705.0
-7041.0  ,  -9396.0
-11254.0  ,  2643.0
-5346.0  ,  -8514.0
-11234.0  ,  -4170.0
-4453.0  ,  -5219.0
-5762.0  ,  -8672.0
-10677.0  ,  -943.0
-3079.0  ,  -8857.0
-10934.0  ,  -5653.0
-2788.0  ,  -5637.0
-5841.0  ,  -10325.0
-9196.0  ,  -3059.0
-2235.0  ,  -8973.0
-9562.0  ,  -6464.0
-1548.0  ,  -5947.0
-4949.0  ,  -11857.0
-8855.0  ,  -2227.0
-1031.0  ,  -10377.0
-8999.0  ,  -6155.0
-659.0  ,  -7252.0
-3314.0  ,  -10462.0
-9239.0  ,  -3802.0
850.0  ,  -10953.0
-8050.0  ,  -7916.0
1732.0  ,  -7471.0
-4015.0  ,  -10291.0
-6237.0  ,  -6511.0
2483.0  ,  -10346.0
-6142.0  ,  -9916.0
2938.0  ,  -6561.0
-2185.0  ,  -11939.0
-3952.0  ,  -6929.0
3272.0  ,  -10217.0
-5429.0  ,  -8903.0
4138.0  ,  -7128.0
-142.0  ,  -12807.0
-3331.0  ,  -6572.0
4788.0  ,  -10278.0
-5218.0  ,  -8837.0
6315.0  ,  -6958.0
-170.0  ,  -10762.0
-2419.0  ,  -7805.0
6050.0  ,  -9165.0
-2478.0  ,  -10227.0
7584.0  ,  -4932.0
-50.0  ,  -12187.0
1320.0  ,  -7453.0
7970.0  ,  -9039.0
558.0  ,  -10173.0
7296.0  ,  -4075.0
2895.0  ,  -12804.0
2081.0  ,  -5763.0
8421.0  ,  -8606.0
963.0  ,  -7973.0
9555.0  ,  -3951.0
4668.0  ,  -11687.0
2908.0  ,  -5647.0
9033.0  ,  -7389.0
326.0  ,  -8343.0
11048.0  ,  -2209.0
3611.0  ,  -10606.0
4676.0  ,  -5324.0
9359.0  ,  -5774.0
3881.0  ,  -8440.0
9882.0  ,  -149.0
5645.0  ,  -11393.0
7048.0  ,  -2747.0
10832.0  ,  -4905.0
5229.0  ,  -6038.0
9740.0  ,  -139.0
8344.0  ,  -10078.0
6594.0  ,  -1020.0
12039.0  ,  -3923.0
4388.0  ,  -3908.0
11613.0  ,  1561.0
8677.0  ,  -8011.0
7158.0  ,  -469.0
11127.0  ,  -2712.0
4860.0  ,  -4331.0
11691.0  ,  3816.0
7749.0  ,  -7970.0
8173.0  ,  1291.0
10980.0  ,  -2182.0
7380.0  ,  -2474.0
9273.0  ,  4617.0
10520.0  ,  -7212.0
7137.0  ,  3937.0
12063.0  ,  -31.0
6708.0  ,  102.0
9898.0  ,  4253.0
11456.0  ,  -3586.0
6723.0  ,  5522.0
12359.0  ,  2042.0
4651.0  ,  1014.0
11006.0  ,  7177.0
10460.0  ,  -2407.0
6865.0  ,  6393.0
10484.0  ,  1264.0
5292.0  ,  1553.0
9143.0  ,  8749.0
10142.0  ,  -2427.0
5926.0  ,  8129.0
10696.0  ,  2453.0
5953.0  ,  4490.0
6988.0  ,  7631.0
11466.0  ,  -134.0
3692.0  ,  9024.0
10736.0  ,  4905.0
3786.0  ,  5357.0
7922.0  ,  8485.0
9619.0  ,  3736.0
2508.0  ,  10568.0
9340.0  ,  7443.0
1972.0  ,  5095.0
7222.0  ,  11457.0
8039.0  ,  3620.0
1598.0  ,  11311.0
8259.0  ,  5318.0
1069.0  ,  6398.0
5040.0  ,  11609.0
7839.0  ,  4259.0
-225.0  ,  11509.0
8942.0  ,  6353.0
-82.0  ,  8499.0
4136.0  ,  9697.0
7041.0  ,  6806.0
-2069.0  ,  10326.0
6847.0  ,  9350.0
-2114.0  ,  7119.0
4426.0  ,  12225.0
3290.0  ,  7828.0
-3189.0  ,  11031.0
4480.0  ,  9453.0
-2905.0  ,  6504.0
1589.0  ,  13790.0
2010.0  ,  6787.0
