11447.0  ,  5388.0
8441.0  ,  -1794.0
6798.0  ,  10523.0
10970.0  ,  -2016.0
6561.0  ,  4253.0
10542.0  ,  4737.0
9485.0  ,  1797.0
4477.0  ,  9860.0
12159.0  ,  856.0
4248.0  ,  5373.0
11077.0  ,  5902.0
8144.0  ,  2691.0
4802.0  ,  10349.0
11877.0  ,  2589.0
3019.0  ,  6108.0
10102.0  ,  7352.0
5585.0  ,  2986.0
3573.0  ,  12468.0
10905.0  ,  1236.0
2736.0  ,  7326.0
8254.0  ,  8399.0
4667.0  ,  4884.0
1124.0  ,  12064.0
10715.0  ,  3062.0
933.0  ,  8956.0
7934.0  ,  9007.0
2889.0  ,  7275.0
-682.0  ,  10694.0
9425.0  ,  6913.0
-1145.0  ,  8080.0
7531.0  ,  10649.0
2016.0  ,  6745.0
-636.0  ,  12017.0
7519.0  ,  7667.0
-2324.0  ,  8295.0
5814.0  ,  11148.0
279.0  ,  5980.0
-2640.0  ,  12571.0
8043.0  ,  6489.0
-3378.0  ,  9598.0
4549.0  ,  10311.0
-1935.0  ,  6784.0
-3392.0  ,  10947.0
6889.0  ,  7810.0
-5875.0  ,  9144.0
3135.0  ,  11803.0
-4429.0  ,  6441.0
-3844.0  ,  9685.0
3119.0  ,  9623.0
-6296.0  ,  7409.0
1218.0  ,  12722.0
-5559.0  ,  5024.0
-5299.0  ,  11074.0
1261.0  ,  8517.0
-7381.0  ,  6806.0
-93.0  ,  11743.0
-6348.0  ,  4054.0
-6820.0  ,  10439.0
2023.0  ,  8229.0
-9107.0  ,  6727.0
-147.0  ,  10555.0
-8262.0  ,  3094.0
-6205.0  ,  9058.0
272.0  ,  8638.0
-10875.0  ,  4980.0
-3164.0  ,  10903.0
-8854.0  ,  1072.0
-6558.0  ,  9144.0
-3581.0  ,  6886.0
-9929.0  ,  3707.0
-5575.0  ,  10012.0
-8597.0  ,  -489.0
-9102.0  ,  8426.0
-4201.0  ,  5187.0
-10662.0  ,  2950.0
-5355.0  ,  8514.0
-9252.0  ,  -1532.0
-9818.0  ,  7757.0
-4203.0  ,  4912.0
-11726.0  ,  1336.0
-5159.0  ,  8065.0
-10134.0  ,  -3633.0
-8724.0  ,  6877.0
-5979.0  ,  4453.0
-11844.0  ,  -262.0
-7425.0  ,  6445.0
-8798.0  ,  -5136.0
-9686.0  ,  6597.0
-7298.0  ,  838.0
-11508.0  ,  -1201.0
-8856.0  ,  3975.0
-7754.0  ,  -5779.0
-11642.0  ,  4175.0
-5911.0  ,  -297.0
-11656.0  ,  -2148.0
-7517.0  ,  3196.0
-8706.0  ,  -7337.0
-11783.0  ,  2965.0
-6067.0  ,  -1699.0
-11244.0  ,  -3301.0
-7476.0  ,  2544.0
-7332.0  ,  -9122.0
-11219.0  ,  3779.0
-6631.0  ,  -3292.0
-10453.0  ,  -4830.0
-7953.0  ,  -502.0
-5408.0  ,  -8752.0
-12133.0  ,  1459.0
-5291.0  ,  -6276.0
-10492.0  ,  -6082.0
-6405.0  ,  -2810.0
-5111.0  ,  -9148.0
-11893.0  ,  -1650.0
-3706.0  ,  -6085.0
-9937.0  ,  -6908.0
-5471.0  ,  -2624.0
-4766.0  ,  -11550.0
-11070.0  ,  -2509.0
-3569.0  ,  -7390.0
-8631.0  ,  -7313.0
-4936.0  ,  -3413.0
-2512.0  ,  -11901.0
-10785.0  ,  -2096.0
-2066.0  ,  -8755.0
-8117.0  ,  -7647.0
-3509.0  ,  -5969.0
-1135.0  ,  -10166.0
-10690.0  ,  -5140.0
890.0  ,  -9631.0
-6663.0  ,  -10561.0
-1028.0  ,  -5858.0
-1655.0  ,  -11012.0
-8169.0  ,  -6971.0
1715.0  ,  -8991.0
-5658.0  ,  -10340.0
-442.0  ,  -5403.0
338.0  ,  -13051.0
-6782.0  ,  -7138.0
3116.0  ,  -9531.0
-5279.0  ,  -9603.0
652.0  ,  -6331.0
2080.0  ,  -11783.0
-7062.0  ,  -7393.0
4813.0  ,  -9304.0
-4457.0  ,  -10463.0
3331.0  ,  -6528.0
2221.0  ,  -9878.0
-4557.0  ,  -9158.0
6826.0  ,  -7923.0
-1520.0  ,  -11689.0
4345.0  ,  -5128.0
2511.0  ,  -11638.0
-1131.0  ,  -8834.0
7848.0  ,  -7880.0
567.0  ,  -10908.0
5312.0  ,  -4047.0
5440.0  ,  -12658.0
-162.0  ,  -7808.0
8783.0  ,  -7515.0
-180.0  ,  -9412.0
7132.0  ,  -4222.0
5952.0  ,  -10373.0
679.0  ,  -7990.0
9747.0  ,  -5771.0
1380.0  ,  -10916.0
8552.0  ,  -2941.0
5327.0  ,  -9686.0
2971.0  ,  -8021.0
10085.0  ,  -3893.0
4354.0  ,  -9973.0
7804.0  ,  -1058.0
7682.0  ,  -10285.0
5127.0  ,  -5264.0
11869.0  ,  -3236.0
5094.0  ,  -7629.0
8492.0  ,  -455.0
10394.0  ,  -9168.0
4811.0  ,  -4144.0
12301.0  ,  -2514.0
3542.0  ,  -7000.0
10510.0  ,  1397.0
9273.0  ,  -7274.0
6186.0  ,  -3637.0
11296.0  ,  -1051.0
6424.0  ,  -7741.0
9769.0  ,  3540.0
9206.0  ,  -7691.0
7290.0  ,  -1481.0
10925.0  ,  491.0
8244.0  ,  -4588.0
8234.0  ,  3649.0
12386.0  ,  -5769.0
6891.0  ,  1363.0
12384.0  ,  1943.0
6705.0  ,  -2564.0
9331.0  ,  4871.0
12807.0  ,  -3102.0
6560.0  ,  2852.0
12045.0  ,  3247.0
5543.0  ,  -2993.0
9674.0  ,  7871.0
11275.0  ,  -2748.0
7091.0  ,  4024.0
10622.0  ,  3638.0
7512.0  ,  -1056.0
7359.0  ,  8564.0
11704.0  ,  -2101.0
6077.0  ,  6220.0
10259.0  ,  4509.0
7670.0  ,  2214.0
6279.0  ,  7654.0
12868.0  ,  1209.0
4019.0  ,  7239.0
10563.0  ,  6456.0
5001.0  ,  2919.0
6730.0  ,  9823.0
11127.0  ,  3439.0
3231.0  ,  8530.0
8840.0  ,  8193.0
3981.0  ,  2187.0
5085.0  ,  12276.0
9837.0  ,  3075.0
1972.0  ,  10114.0
8300.0  ,  6583.0
4689.0  ,  4924.0
2647.0  ,  10920.0
10470.0  ,  4086.0
106.0  ,  10159.0
8155.0  ,  8327.0
2733.0  ,  7084.0
2885.0  ,  10217.0
8999.0  ,  7519.0
-1783.0  ,  9269.0
6222.0  ,  10348.0
755.0  ,  6016.0
1984.0  ,  12589.0
5377.0  ,  8125.0
-3109.0  ,  10491.0
4319.0  ,  10013.0
-532.0  ,  4922.0
-1175.0  ,  13797.0
5103.0  ,  6965.0
-5503.0  ,  11143.0
5225.0  ,  8342.0
-1904.0  ,  6733.0
-1786.0  ,  11509.0
4086.0  ,  8663.0
-6741.0  ,  9077.0
3631.0  ,  11436.0
-4430.0  ,  7047.0
-1143.0  ,  11870.0
1172.0  ,  10102.0
-7211.0  ,  7314.0
430.0  ,  11737.0
-4763.0  ,  4925.0
-4088.0  ,  12945.0
-1690.0  ,  7719.0
-9284.0  ,  7950.0
-376.0  ,  9946.0
-5746.0  ,  4384.0
-6867.0  ,  11451.0
-1752.0  ,  6875.0
-11695.0  ,  6760.0
1176.0  ,  9145.0
-8174.0  ,  3792.0
-5943.0  ,  9742.0
-3752.0  ,  7482.0
-11085.0  ,  4699.0
-2478.0  ,  10619.0
-8944.0  ,  2160.0
-6639.0  ,  11109.0
-6192.0  ,  5622.0
-10123.0  ,  3409.0
-5756.0  ,  9148.0
-8567.0  ,  819.0
-10298.0  ,  10352.0
-6415.0  ,  2726.0
-12240.0  ,  2937.0
-4674.0  ,  7113.0
-9503.0  ,  -249.0
-10406.0  ,  6942.0
-6771.0  ,  1170.0
-13019.0  ,  399.0
-3387.0  ,  8029.0
-11069.0  ,  -2652.0
-9105.0  ,  6230.0
-8398.0  ,  16.0
-11374.0  ,  -466.0
-7579.0  ,  6591.0
-9752.0  ,  -4139.0
-11157.0  ,  6474.0
-8103.0  ,  -2561.0
-10999.0  ,  -1106.0
-9111.0  ,  3146.0
-8818.0  ,  -4236.0
-13185.0  ,  4059.0
-6390.0  ,  -3987.0
-12610.0  ,  -2533.0
-6775.0  ,  2066.0
-9141.0  ,  -6319.0
-11055.0  ,  1391.0
-6309.0  ,  -5868.0
-11486.0  ,  -4245.0
-6363.0  ,  3067.0
-8649.0  ,  -8955.0
-10303.0  ,  1310.0
-5854.0  ,  -8472.0
-9847.0  ,  -4386.0
-7995.0  ,  -317.0
-6667.0  ,  -9005.0
-12000.0  ,  -562.0
-3605.0  ,  -9108.0
-10117.0  ,  -5221.0
-7089.0  ,  -3573.0
-6469.0  ,  -8849.0
-12308.0  ,  -3621.0
-1916.0  ,  -8640.0
-10759.0  ,  -7323.0
-4292.0  ,  -3380.0
-6016.0  ,  -10897.0
-9099.0  ,  -4434.0
-1068.0  ,  -10313.0
-9390.0  ,  -7294.0
-4086.0  ,  -2873.0
-3575.0  ,  -12620.0
-8005.0  ,  -4254.0
1760.0  ,  -11923.0
-7910.0  ,  -7032.0
-4112.0  ,  -6321.0
-1860.0  ,  -11146.0
-7765.0  ,  -6945.0
3969.0  ,  -10275.0
-7625.0  ,  -9101.0
-1055.0  ,  -7674.0
-2140.0  ,  -11141.0
-5761.0  ,  -8943.0
4438.0  ,  -9266.0
-6169.0  ,  -11523.0
832.0  ,  -6101.0
-412.0  ,  -12867.0
-3537.0  ,  -7520.0
6058.0  ,  -10329.0
-5185.0  ,  -10194.0
1256.0  ,  -6049.0
1729.0  ,  -12017.0
-2204.0  ,  -6767.0
8581.0  ,  -9605.0
-5551.0  ,  -9717.0
3436.0  ,  -7212.0
2554.0  ,  -11454.0
761.0  ,  -8210.0
9588.0  ,  -6478.0
-2563.0  ,  -11777.0
5738.0  ,  -5755.0
3117.0  ,  -11909.0
2910.0  ,  -7698.0
8994.0  ,  -6172.0
169.0  ,  -11559.0
5827.0  ,  -3933.0
5060.0  ,  -11954.0
2745.0  ,  -5980.0
10980.0  ,  -6415.0
248.0  ,  -10829.0
7436.0  ,  -4122.0
5577.0  ,  -10165.0
4037.0  ,  -4279.0
11886.0  ,  -4380.0
-502.0  ,  -11319.0
9591.0  ,  -2968.0
7134.0  ,  -9475.0
6370.0  ,  -3398.0
10748.0  ,  -2251.0
3752.0  ,  -10701.0
9576.0  ,  -460.0
8376.0  ,  -9525.0
7261.0  ,  -1708.0
10840.0  ,  -1704.0
5988.0  ,  -8587.0
8746.0  ,  933.0
9590.0  ,  -8467.0
6641.0  ,  -220.0
12746.0  ,  -1446.0
5232.0  ,  -7467.0
9772.0  ,  1984.0
8808.0  ,  -6998.0
6754.0  ,  1629.0
12115.0  ,  -6.0
5416.0  ,  -7891.0
10610.0  ,  4039.0
10057.0  ,  -5597.0
7066.0  ,  3801.0
10457.0  ,  472.0
8239.0  ,  -4893.0
9236.0  ,  5323.0
11672.0  ,  -3608.0
5939.0  ,  5563.0
11455.0  ,  1503.0
7748.0  ,  -2274.0
8289.0  ,  5590.0
11554.0  ,  -1855.0
5327.0  ,  6022.0
12491.0  ,  3649.0
6938.0  ,  -1680.0
8440.0  ,  7496.0
10275.0  ,  -1841.0
4609.0  ,  7883.0
10694.0  ,  3670.0
7871.0  ,  -1355.0
7514.0  ,  9272.0
10332.0  ,  195.0
2946.0  ,  9058.0
10843.0  ,  3205.0
7089.0  ,  2264.0
6290.0  ,  9538.0
10180.0  ,  3146.0
968.0  ,  8975.0
10966.0  ,  5706.0
5296.0  ,  4189.0
5615.0  ,  9715.0
8995.0  ,  3659.0
865.0  ,  9936.0
10030.0  ,  7848.0
4637.0  ,  4323.0
4648.0  ,  10805.0
8357.0  ,  3292.0
-1272.0  ,  11036.0
9169.0  ,  6991.0
3751.0  ,  5227.0
2959.0  ,  11244.0
6918.0  ,  5220.0
-3738.0  ,  10056.0
9112.0  ,  7636.0
1658.0  ,  7537.0
1727.0  ,  11940.0
4814.0  ,  7324.0
-3411.0  ,  9118.0
7615.0  ,  10069.0
-601.0  ,  6879.0
957.0  ,  11944.0
3284.0  ,  6416.0
-5182.0  ,  9925.0
5380.0  ,  10909.0
-1281.0  ,  6215.0
-194.0  ,  11868.0
3188.0  ,  6234.0
-7291.0  ,  9966.0
5202.0  ,  9942.0
-2887.0  ,  7006.0
-1437.0  ,  11169.0
963.0  ,  7286.0
-7925.0  ,  7631.0
4740.0  ,  10953.0
-5281.0  ,  6368.0
-2912.0  ,  11583.0
-2087.0  ,  6673.0
-7119.0  ,  7068.0
1505.0  ,  11881.0
-6666.0  ,  4871.0
-4654.0  ,  11552.0
-2976.0  ,  4772.0
-9106.0  ,  7575.0
-855.0  ,  10813.0
-7224.0  ,  4371.0
-4963.0  ,  10168.0
-3208.0  ,  4524.0
-11066.0  ,  6404.0
-98.0  ,  10429.0
-8733.0  ,  3768.0
-4833.0  ,  9917.0
-5253.0  ,  4346.0
-9811.0  ,  4311.0
-1944.0  ,  11183.0
-9444.0  ,  1249.0
-7535.0  ,  9066.0
-6229.0  ,  2329.0
-9796.0  ,  4957.0
-5407.0  ,  9209.0
-10264.0  ,  -181.0
-9013.0  ,  7705.0
-5705.0  ,  619.0
-12163.0  ,  3816.0
-5992.0  ,  7166.0
-10443.0  ,  -1112.0
-8154.0  ,  6682.0
-6455.0  ,  -488.0
-12734.0  ,  1730.0
-5666.0  ,  6449.0
-10606.0  ,  -2802.0
-8198.0  ,  6560.0
-7556.0  ,  -2299.0
-10476.0  ,  838.0
-7263.0  ,  6234.0
-9665.0  ,  -4616.0
-10449.0  ,  4480.0
-6611.0  ,  -3706.0
-11587.0  ,  1043.0
-8452.0  ,  2404.0
-9458.0  ,  -5676.0
-10874.0  ,  1729.0
-5143.0  ,  -4968.0
-13426.0  ,  -1435.0
-7316.0  ,  486.0
-9720.0  ,  -7107.0
-8911.0  ,  1725.0
-5976.0  ,  -6431.0
-12637.0  ,  -3595.0
-7052.0  ,  -206.0
-8671.0  ,  -8387.0
-9325.0  ,  2093.0
-4836.0  ,  -8549.0
-10499.0  ,  -2361.0
-7884.0  ,  -1777.0
-6819.0  ,  -8535.0
-10528.0  ,  -1499.0
-2800.0  ,  -8454.0
-12496.0  ,  -4044.0
-5918.0  ,  -4545.0
-5983.0  ,  -9758.0
-8794.0  ,  -3561.0
-2288.0  ,  -8434.0
-11392.0  ,  -7447.0
-3954.0  ,  -5523.0
-5418.0  ,  -11802.0
-6564.0  ,  -2565.0
-1362.0  ,  -10807.0
-9892.0  ,  -8192.0
-3047.0  ,  -6372.0
-4281.0  ,  -10798.0
-7669.0  ,  -2931.0
984.0  ,  -11461.0
-9373.0  ,  -6889.0
-1794.0  ,  -7833.0
-3101.0  ,  -10411.0
-6420.0  ,  -7045.0
2264.0  ,  -9591.0
-9410.0  ,  -9594.0
504.0  ,  -7498.0
-1581.0  ,  -11833.0
-3122.0  ,  -6754.0
2779.0  ,  -9585.0
-5759.0  ,  -11677.0
2592.0  ,  -7451.0
357.0  ,  -12978.0
-2132.0  ,  -4828.0
5080.0  ,  -11422.0
-4642.0  ,  -10682.0
3699.0  ,  -8017.0
580.0  ,  -11111.0
-2792.0  ,  -5948.0
7379.0  ,  -10150.0
-4825.0  ,  -10231.0
5753.0  ,  -7762.0
1062.0  ,  -11132.0
981.0  ,  -8359.0
6501.0  ,  -8073.0
-2246.0  ,  -12658.0
6936.0  ,  -5261.0
3471.0  ,  -11514.0
2713.0  ,  -6002.0
7377.0  ,  -8753.0
1734.0  ,  -11531.0
8191.0  ,  -4746.0
5936.0  ,  -10812.0
2544.0  ,  -3601.0
10686.0  ,  -8457.0
1706.0  ,  -9632.0
10310.0  ,  -3823.0
4605.0  ,  -9255.0
3646.0  ,  -4086.0
11188.0  ,  -6235.0
2368.0  ,  -9562.0
11145.0  ,  -1953.0
5367.0  ,  -9615.0
6661.0  ,  -3313.0
9587.0  ,  -5723.0
5625.0  ,  -9456.0
9852.0  ,  107.0
8092.0  ,  -9107.0
6795.0  ,  -1074.0
11201.0  ,  -5478.0
7139.0  ,  -6640.0
10913.0  ,  1306.0
8980.0  ,  -6883.0
5645.0  ,  -106.0
13284.0  ,  -2871.0
6281.0  ,  -4496.0
12707.0  ,  3690.0
7136.0  ,  -6192.0
6697.0  ,  1283.0
12583.0  ,  -709.0
7131.0  ,  -4358.0
11485.0  ,  5115.0
8944.0  ,  -6545.0
8276.0  ,  3516.0
11421.0  ,  -1398.0
9089.0  ,  -1607.0
8944.0  ,  5667.0
11537.0  ,  -3287.0
6283.0  ,  4866.0
13898.0  ,  -202.0
8126.0  ,  786.0
9407.0  ,  6767.0
10111.0  ,  -1263.0
5037.0  ,  5622.0
12944.0  ,  3071.0
6030.0  ,  2453.0
9459.0  ,  9046.0
8402.0  ,  -2057.0
5192.0  ,  7697.0
10972.0  ,  4038.0
6293.0  ,  3588.0
7509.0  ,  10312.0
9587.0  ,  -1199.0
4207.0  ,  9388.0
11227.0  ,  3573.0
5957.0  ,  6109.0
5795.0  ,  8985.0
10500.0  ,  3609.0
2597.0  ,  9072.0
12416.0  ,  6610.0
3181.0  ,  6792.0
6090.0  ,  10034.0
7709.0  ,  4500.0
1181.0  ,  9367.0
9974.0  ,  8447.0
1334.0  ,  6925.0
4498.0  ,  12240.0
7250.0  ,  2263.0
-213.0  ,  11633.0
7668.0  ,  7679.0
-175.0  ,  8562.0
2203.0  ,  11540.0
7813.0  ,  4171.0
-2123.0  ,  11488.0
7976.0  ,  8573.0
-2266.0  ,  9323.0
2064.0  ,  10499.0
4820.0  ,  8094.0
-2698.0  ,  9724.0
6369.0  ,  11612.0
-4054.0  ,  7196.0
1532.0  ,  12144.0
1869.0  ,  7241.0
-3554.0  ,  10351.0
3874.0  ,  11459.0
-5203.0  ,  6865.0
-942.0  ,  12759.0
2252.0  ,  5065.0
-6673.0  ,  10850.0
2790.0  ,  9370.0
-7823.0  ,  7078.0
-1043.0  ,  10863.0
1913.0  ,  7091.0
-8147.0  ,  9179.0
1615.0  ,  10743.0
-9642.0  ,  5004.0
-2084.0  ,  10724.0
-2812.0  ,  7545.0
-7243.0  ,  7905.0
-1737.0  ,  11730.0
-9322.0  ,  2705.0
-3929.0  ,  12271.0
-4209.0  ,  5133.0
-8298.0  ,  8123.0
-2569.0  ,  10154.0
-10035.0  ,  2521.0
-5215.0  ,  11431.0
-3556.0  ,  4089.0
-10901.0  ,  6862.0
-2476.0  ,  7828.0
-12355.0  ,  955.0
-4552.0  ,  9860.0
-4749.0  ,  3923.0
-11602.0  ,  4782.0
-4557.0  ,  7581.0
-11939.0  ,  -2121.0
-6112.0  ,  9647.0
-7496.0  ,  2072.0
-10648.0  ,  4500.0
-7563.0  ,  6312.0
-10157.0  ,  -3170.0
-8889.0  ,  8591.0
-6823.0  ,  -288.0
-11716.0  ,  4089.0
-7037.0  ,  4454.0
-11058.0  ,  -3390.0
-9569.0  ,  7115.0
-6903.0  ,  -1430.0
-12171.0  ,  2218.0
-5845.0  ,  2389.0
-11453.0  ,  -5905.0
-8290.0  ,  7899.0
-7709.0  ,  -2634.0
-12145.0  ,  258.0
-6996.0  ,  303.0
-9027.0  ,  -7691.0
-9967.0  ,  5854.0
-7533.0  ,  -5366.0
-11792.0  ,  -76.0
-7556.0  ,  -2013.0
-7355.0  ,  -7717.0
-11389.0  ,  2163.0
-5374.0  ,  -6015.0
-12761.0  ,  -1977.0
-5877.0  ,  -3274.0
-8614.0  ,  -8945.0
-10345.0  ,  1336.0
-5100.0  ,  -6988.0
-11900.0  ,  -2880.0
-4552.0  ,  -3689.0
-7708.0  ,  -10275.0
-10197.0  ,  1999.0
-4436.0  ,  -9077.0
-10797.0  ,  -4081.0
-3686.0  ,  -5918.0
-5503.0  ,  -9693.0
-10687.0  ,  -607.0
-2757.0  ,  -10412.0
-10768.0  ,  -5749.0
-1518.0  ,  -7572.0
-4926.0  ,  -9340.0
-9121.0  ,  -4410.0
-992.0  ,  -9328.0
-10223.0  ,  -7669.0
-807.0  ,  -7228.0
-4381.0  ,  -11779.0
-7653.0  ,  -3922.0
-118.0  ,  -10155.0
-8826.0  ,  -7949.0
954.0  ,  -7367.0
-3359.0  ,  -11712.0
-7753.0  ,  -4177.0
1434.0  ,  -11418.0
-7823.0  ,  -7584.0
3671.0  ,  -7924.0
-2613.0  ,  -10381.0
-6390.0  ,  -6350.0
3572.0  ,  -11206.0
-5784.0  ,  -9848.0
4895.0  ,  -7088.0
-2032.0  ,  -10999.0
-3019.0  ,  -7589.0
3902.0  ,  -9958.0
-3954.0  ,  -10735.0
5995.0  ,  -6194.0
-116.0  ,  -12541.0
-1831.0  ,  -6652.0
4988.0  ,  -10108.0
-3295.0  ,  -9321.0
7169.0  ,  -6265.0
1005.0  ,  -12053.0
-1004.0  ,  -6564.0
6818.0  ,  -9334.0
-2212.0  ,  -9365.0
9074.0  ,  -4855.0
534.0  ,  -11562.0
871.0  ,  -7315.0
8528.0  ,  -8431.0
596.0  ,  -9944.0
9172.0  ,  -2842.0
2008.0  ,  -11756.0
4075.0  ,  -5770.0
8487.0  ,  -7822.0
2929.0  ,  -8836.0
9350.0  ,  -1788.0
5114.0  ,  -11719.0
4312.0  ,  -4279.0
9499.0  ,  -7175.0
2689.0  ,  -7217.0
11351.0  ,  -1699.0
5242.0  ,  -10384.0
5127.0  ,  -4215.0
9623.0  ,  -5965.0
2937.0  ,  -7468.0
11564.0  ,  1025.0
5068.0  ,  -11020.0
6702.0  ,  -2550.0
10327.0  ,  -4815.0
5834.0  ,  -5279.0
9995.0  ,  1573.0
7538.0  ,  -10294.0
7447.0  ,  188.0
11916.0  ,  -3620.0
6456.0  ,  -3620.0
10272.0  ,  2423.0
9111.0  ,  -7527.0
7141.0  ,  1009.0
11649.0  ,  -2767.0
5160.0  ,  -2601.0
11897.0  ,  4330.0
9182.0  ,  -6578.0
7782.0  ,  2465.0
11022.0  ,  -1531.0
6156.0  ,  -1598.0
10012.0  ,  6025.0
8911.0  ,  -6980.0
7742.0  ,  4135.0
11347.0  ,  -530.0
6761.0  ,  1306.0
8801.0  ,  5567.0
11246.0  ,  -4191.0
6166.0  ,  6613.0
12335.0  ,  2329.0
5148.0  ,  2568.0
9239.0  ,  6516.0
10691.0  ,  -1489.0
5753.0  ,  7096.0
11331.0  ,  2630.0
4426.0  ,  2991.0
9364.0  ,  9321.0
9868.0  ,  -470.0
5263.0  ,  8528.0
10204.0  ,  2756.0
4372.0  ,  4815.0
6695.0  ,  9165.0
10240.0  ,  -554.0
3651.0  ,  9684.0
10380.0  ,  4576.0
3048.0  ,  6658.0
6375.0  ,  8184.0
9983.0  ,  3463.0
1481.0  ,  10232.0
9712.0  ,  7010.0
1101.0  ,  6508.0
7029.0  ,  10364.0
7567.0  ,  4641.0
978.0  ,  10776.0
7538.0  ,  7402.0
-200.0  ,  6497.0
5122.0  ,  12653.0
6624.0  ,  4650.0
-335.0  ,  11616.0
8230.0  ,  5714.0
-1329.0  ,  8145.0
3468.0  ,  10674.0
6274.0  ,  6254.0
-2286.0  ,  10768.0
7336.0  ,  8543.0
-3619.0  ,  7900.0
3701.0  ,  10319.0
3689.0  ,  7802.0
-3631.0  ,  10154.0
4173.0  ,  9806.0
-4570.0  ,  6392.0
2457.0  ,  13518.0
842.0  ,  7169.0
-5359.0  ,  11375.0
2116.0  ,  8617.0
-5514.0  ,  6513.0
-186.0  ,  13560.0
-235.0  ,  6806.0
-6220.0  ,  10362.0
3948.0  ,  7969.0
-7936.0  ,  6872.0
-475.0  ,  11458.0
-1139.0  ,  7503.0
-7181.0  ,  8750.0
929.0  ,  10099.0
-8751.0  ,  4813.0
-438.0  ,  12030.0
-3679.0  ,  6851.0
-7985.0  ,  7974.0
-2155.0  ,  9137.0
-8263.0  ,  3630.0
-4416.0  ,  13067.0
-5437.0  ,  4421.0
-10040.0  ,  7960.0
-2702.0  ,  6505.0
-9829.0  ,  3201.0
-6262.0  ,  11210.0
-6325.0  ,  3447.0
-10444.0  ,  6416.0
-1390.0  ,  6233.0
-12149.0  ,  1507.0
-5207.0  ,  10150.0
-7822.0  ,  3007.0
-9505.0  ,  5472.0
-4808.0  ,  6855.0
-10678.0  ,  -322.0
-6336.0  ,  10702.0
-8197.0  ,  701.0
-10475.0  ,  4178.0
-6751.0  ,  4403.0
-10059.0  ,  -403.0
-9804.0  ,  8381.0
-8038.0  ,  -1643.0
-12424.0  ,  2540.0
-5046.0  ,  2498.0
-12267.0  ,  -1892.0
-9823.0  ,  5958.0
-8678.0  ,  -3173.0
-11403.0  ,  1319.0
-4479.0  ,  2674.0
-12484.0  ,  -5041.0
-8801.0  ,  5877.0
-9120.0  ,  -5085.0
-10613.0  ,  1748.0
-6906.0  ,  179.0
-9901.0  ,  -5059.0
-10764.0  ,  4432.0
-7022.0  ,  -6645.0
-11837.0  ,  -212.0
-7007.0  ,  -2472.0
-9947.0  ,  -4883.0
-11455.0  ,  1100.0
-5787.0  ,  -7412.0
-11942.0  ,  -2495.0
-4528.0  ,  -2794.0
-10954.0  ,  -7692.0
-9518.0  ,  -1225.0
-5484.0  ,  -9831.0
-10235.0  ,  -3024.0
-4189.0  ,  -3278.0
-8735.0  ,  -9704.0
-8650.0  ,  -1166.0
-4121.0  ,  -11587.0
-10279.0  ,  -1985.0
-4211.0  ,  -6061.0
-7344.0  ,  -8518.0
-9575.0  ,  -3630.0
-2013.0  ,  -10801.0
-11008.0  ,  -5417.0
-2277.0  ,  -7642.0
-7971.0  ,  -9331.0
-7765.0  ,  -6069.0
-611.0  ,  -10205.0
-8974.0  ,  -7521.0
-521.0  ,  -6450.0
-6708.0  ,  -12037.0
-4299.0  ,  -6390.0
185.0  ,  -12049.0
-7504.0  ,  -6439.0
430.0  ,  -7307.0
-3680.0  ,  -12169.0
-4064.0  ,  -6037.0
3048.0  ,  -12990.0
-8258.0  ,  -5865.0
2104.0  ,  -8817.0
-3205.0  ,  -10857.0
-2431.0  ,  -8179.0
3937.0  ,  -10633.0
-6164.0  ,  -9454.0
4198.0  ,  -7851.0
-3477.0  ,  -12880.0
230.0  ,  -8430.0
4127.0  ,  -9870.0
-3419.0  ,  -10308.0
5020.0  ,  -6746.0
-674.0  ,  -13993.0
2274.0  ,  -6352.0
5806.0  ,  -11319.0
-2764.0  ,  -7950.0
6916.0  ,  -6833.0
1626.0  ,  -12105.0
3233.0  ,  -5877.0
8698.0  ,  -9963.0
-3776.0  ,  -8101.0
9042.0  ,  -6467.0
1757.0  ,  -11085.0
5903.0  ,  -5961.0
8026.0  ,  -7819.0
328.0  ,  -9791.0
9154.0  ,  -4346.0
3072.0  ,  -12809.0
7138.0  ,  -4019.0
8130.0  ,  -7877.0
3282.0  ,  -9001.0
9201.0  ,  -3502.0
6332.0  ,  -12483.0
7191.0  ,  -2037.0
10380.0  ,  -7647.0
2591.0  ,  -6591.0
10915.0  ,  -2694.0
6048.0  ,  -9039.0
8676.0  ,  -523.0
10605.0  ,  -6086.0
1966.0  ,  -6882.0
12643.0  ,  -295.0
6310.0  ,  -8590.0
9864.0  ,  1630.0
9803.0  ,  -4391.0
6276.0  ,  -6003.0
10956.0  ,  896.0
9267.0  ,  -8044.0
8779.0  ,  3918.0
10862.0  ,  -4364.0
7503.0  ,  -2681.0
10564.0  ,  1206.0
10555.0  ,  -6541.0
7829.0  ,  4469.0
12846.0  ,  -3095.0
5489.0  ,  -1744.0
12313.0  ,  3200.0
8898.0  ,  -4092.0
8360.0  ,  6664.0
11346.0  ,  -1791.0
5904.0  ,  -2103.0
11439.0  ,  5962.0
8592.0  ,  -3352.0
7389.0  ,  9363.0
10649.0  ,  -1191.0
7653.0  ,  1369.0
9660.0  ,  5873.0
10546.0  ,  -520.0
4729.0  ,  9969.0
12021.0  ,  714.0
5618.0  ,  3529.0
9881.0  ,  6182.0
10041.0  ,  1836.0
4041.0  ,  9687.0
12240.0  ,  3094.0
3847.0  ,  4074.0
9864.0  ,  8381.0
7779.0  ,  1938.0
3554.0  ,  11422.0
11302.0  ,  2392.0
4008.0  ,  4954.0
7792.0  ,  9082.0
6841.0  ,  2726.0
937.0  ,  12727.0
11097.0  ,  2496.0
3030.0  ,  7468.0
6946.0  ,  9537.0
5821.0  ,  6069.0
-1515.0  ,  10987.0
10378.0  ,  6180.0
540.0  ,  7793.0
6802.0  ,  10256.0
3975.0  ,  6841.0
-1515.0  ,  11237.0
8805.0  ,  7813.0
-515.0  ,  7182.0
5443.0  ,  11322.0
2794.0  ,  5648.0
-3035.0  ,  12656.0
8102.0  ,  7133.0
-2032.0  ,  8038.0
3789.0  ,  11226.0
1081.0  ,  5953.0
-4645.0  ,  11489.0
8771.0  ,  7386.0
-4096.0  ,  8899.0
2417.0  ,  12010.0
-1927.0  ,  6932.0
-4848.0  ,  9515.0
5171.0  ,  9411.0
-5515.0  ,  6801.0
1302.0  ,  12527.0
-3617.0  ,  5923.0
-5704.0  ,  9817.0
2539.0  ,  10016.0
-6318.0  ,  6010.0
-231.0  ,  12529.0
-3940.0  ,  4750.0
-7824.0  ,  10076.0
3006.0  ,  8763.0
-8075.0  ,  6150.0
-829.0  ,  11194.0
-5665.0  ,  3743.0
-7756.0  ,  8928.0
2348.0  ,  9769.0
-10083.0  ,  5285.0
-3073.0  ,  11550.0
-7496.0  ,  2452.0
-7216.0  ,  7542.0
-1523.0  ,  9238.0
-9802.0  ,  3479.0
-4801.0  ,  10888.0
-7658.0  ,  809.0
-9069.0  ,  7637.0
-3022.0  ,  7376.0
-9975.0  ,  2729.0
-5637.0  ,  9930.0
-8069.0  ,  106.0
-10909.0  ,  6399.0
-3394.0  ,  6755.0
-11036.0  ,  1325.0
-5191.0  ,  9207.0
-8916.0  ,  -1906.0
-9887.0  ,  5952.0
-4458.0  ,  6419.0
-11389.0  ,  -394.0
-7197.0  ,  7714.0
-8419.0  ,  -4120.0
-9679.0  ,  5875.0
-6510.0  ,  3756.0
-11211.0  ,  -1740.0
-9031.0  ,  5674.0
-7402.0  ,  -4894.0
-11517.0  ,  3843.0
-6662.0  ,  1593.0
-10992.0  ,  -2418.0
-8427.0  ,  4494.0
-8038.0  ,  -6095.0
-12641.0  ,  2057.0
-5945.0  ,  1028.0
-11003.0  ,  -4054.0
-7947.0  ,  3988.0
-7280.0  ,  -8164.0
-11005.0  ,  2098.0
-7127.0  ,  3.0
-10290.0  ,  -5703.0
-9000.0  ,  1652.0
-5272.0  ,  -9020.0
-11891.0  ,  1415.0
-6640.0  ,  -3684.0
-10009.0  ,  -7027.0
-8453.0  ,  -1187.0
-4172.0  ,  -8703.0
-12437.0  ,  -1523.0
-4718.0  ,  -4379.0
-9447.0  ,  -7697.0
-7258.0  ,  -1723.0
-4482.0  ,  -10585.0
-11404.0  ,  -3361.0
-4365.0  ,  -5024.0
-8306.0  ,  -8059.0
-6606.0  ,  -1602.0
-2292.0  ,  -11992.0
-11083.0  ,  -2430.0
-3616.0  ,  -6670.0
-7280.0  ,  -8810.0
-5897.0  ,  -4259.0
-349.0  ,  -10770.0
-11616.0  ,  -4450.0
-899.0  ,  -8144.0
-6161.0  ,  -10436.0
-3909.0  ,  -5906.0
-359.0  ,  -10076.0
-9525.0  ,  -7369.0
609.0  ,  -8145.0
-5206.0  ,  -11351.0
-1781.0  ,  -5218.0
720.0  ,  -12376.0
-7754.0  ,  -8023.0
1237.0  ,  -8363.0
-4515.0  ,  -10131.0
-2148.0  ,  -5678.0
3134.0  ,  -12165.0
-7589.0  ,  -7536.0
3343.0  ,  -8764.0
-3595.0  ,  -10744.0
455.0  ,  -6924.0
3473.0  ,  -10059.0
-6793.0  ,  -9427.0
5492.0  ,  -7715.0
-1567.0  ,  -11903.0
2755.0  ,  -5827.0
3326.0  ,  -10400.0
-3014.0  ,  -10171.0
7014.0  ,  -7332.0
542.0  ,  -11850.0
2938.0  ,  -4543.0
6221.0  ,  -11624.0
-1868.0  ,  -9026.0
7674.0  ,  -7215.0
-93.0  ,  -10265.0
4360.0  ,  -4953.0
7541.0  ,  -10004.0
-1590.0  ,  -9115.0
9354.0  ,  -6055.0
975.0  ,  -10990.0
6746.0  ,  -4044.0
6242.0  ,  -8494.0
651.0  ,  -9872.0
9394.0  ,  -3800.0
4029.0  ,  -10925.0
6930.0  ,  -1934.0
7748.0  ,  -9651.0
3737.0  ,  -7860.0
11240.0  ,  -2921.0
6111.0  ,  -9077.0
6594.0  ,  -980.0
10467.0  ,  -8645.0
3906.0  ,  -6375.0
11939.0  ,  -2332.0
4347.0  ,  -7795.0
8453.0  ,  354.0
10880.0  ,  -6800.0
5051.0  ,  -5435.0
11820.0  ,  -536.0
5389.0  ,  -8294.0
9315.0  ,  2271.0
9193.0  ,  -6466.0
6620.0  ,  -4805.0
10756.0  ,  1221.0
8574.0  ,  -6320.0
7736.0  ,  3422.0
11896.0  ,  -5953.0
7268.0  ,  -1262.0
11537.0  ,  2110.0
8401.0  ,  -3613.0
7439.0  ,  4382.0
13314.0  ,  -3125.0
6635.0  ,  513.0
12161.0  ,  3971.0
6329.0  ,  -4173.0
9104.0  ,  6474.0
12309.0  ,  -1763.0
6995.0  ,  1262.0
10841.0  ,  4759.0
7423.0  ,  -3383.0
7341.0  ,  8211.0
11389.0  ,  -1923.0
7004.0  ,  3591.0
9532.0  ,  5327.0
9628.0  ,  266.0
5446.0  ,  7730.0
13380.0  ,  396.0
5374.0  ,  5690.0
9708.0  ,  7027.0
6849.0  ,  1994.0
5609.0  ,  8786.0
12655.0  ,  3872.0
3870.0  ,  6777.0
9070.0  ,  9353.0
5157.0  ,  962.0
4866.0  ,  11536.0
10794.0  ,  3983.0
3155.0  ,  8358.0
7479.0  ,  8038.0
5854.0  ,  2330.0
2512.0  ,  11718.0
10871.0  ,  3513.0
1778.0  ,  9270.0
7407.0  ,  8545.0
5463.0  ,  6442.0
1648.0  ,  10197.0
10925.0  ,  7271.0
-798.0  ,  8457.0
6113.0  ,  10552.0
2570.0  ,  5525.0
1571.0  ,  11864.0
7280.0  ,  9011.0
-2289.0  ,  9343.0
4152.0  ,  11359.0
1894.0  ,  4206.0
-1426.0  ,  13547.0
5940.0  ,  7777.0
-4375.0  ,  10379.0
4079.0  ,  9622.0
1192.0  ,  5912.0
-2968.0  ,  12065.0
5587.0  ,  8729.0
-6000.0  ,  9190.0
3818.0  ,  10913.0
-1923.0  ,  7854.0
-2287.0  ,  10821.0
3039.0  ,  10814.0
-6776.0  ,  6965.0
844.0  ,  12345.0
-3298.0  ,  5550.0
-4063.0  ,  12603.0
-516.0  ,  9817.0
-8085.0  ,  7233.0
-946.0  ,  11338.0
-3919.0  ,  3889.0
-7178.0  ,  11825.0
-389.0  ,  7749.0
-11034.0  ,  6930.0
164.0  ,  9690.0
-5224.0  ,  4339.0
-7766.0  ,  9451.0
-1801.0  ,  8109.0
-11424.0  ,  4830.0
-1614.0  ,  10863.0
-7844.0  ,  3652.0
-6597.0  ,  9637.0
-4467.0  ,  8288.0
-10198.0  ,  2696.0
-5252.0  ,  10742.0
-7510.0  ,  1686.0
-9791.0  ,  10168.0
-5859.0  ,  5262.0
-11718.0  ,  2386.0
-5637.0  ,  8615.0
-7529.0  ,  459.0
-11120.0  ,  7134.0
-5679.0  ,  2944.0
-13274.0  ,  658.0
-3790.0  ,  8214.0
-9387.0  ,  -1079.0
-10543.0  ,  5323.0
-6807.0  ,  2765.0
-12323.0  ,  -1649.0
-6104.0  ,  7751.0
-9590.0  ,  -3044.0
-10497.0  ,  5871.0
-8516.0  ,  309.0
-10627.0  ,  -2196.0
-9934.0  ,  5256.0
-8037.0  ,  -4129.0
-13593.0  ,  4498.0
-7081.0  ,  -1743.0
-11766.0  ,  -2864.0
-8269.0  ,  3248.0
-8387.0  ,  -5115.0
-12527.0  ,  1594.0
-6142.0  ,  -3458.0
-11966.0  ,  -5110.0
-6904.0  ,  4515.0
-8433.0  ,  -7631.0
-10653.0  ,  666.0
-6167.0  ,  -5908.0
-9911.0  ,  -5970.0
-8492.0  ,  2362.0
-6683.0  ,  -9018.0
-12086.0  ,  -488.0
-4863.0  ,  -7856.0
-9048.0  ,  -5878.0
-8975.0  ,  -1835.0
-5470.0  ,  -8342.0
-12872.0  ,  -3119.0
-2693.0  ,  -7686.0
-9957.0  ,  -7678.0
-6660.0  ,  -2710.0
-5174.0  ,  -9956.0
-10895.0  ,  -4536.0
-1557.0  ,  -8408.0
-9337.0  ,  -8659.0
-5695.0  ,  -1402.0
-3471.0  ,  -11994.0
-8591.0  ,  -4451.0
337.0  ,  -10601.0
-7354.0  ,  -8075.0
-6193.0  ,  -3616.0
-1498.0  ,  -12011.0
-9069.0  ,  -6012.0
2814.0  ,  -10293.0
-6579.0  ,  -8862.0
-3910.0  ,  -7095.0
-938.0  ,  -10557.0
-7758.0  ,  -8907.0
3845.0  ,  -8725.0
-5722.0  ,  -11227.0
-1498.0  ,  -5854.0
-3.0  ,  -12154.0
-5677.0  ,  -8679.0
4916.0  ,  -9388.0
-4392.0  ,  -11392.0
-1217.0  ,  -5597.0
2056.0  ,  -12207.0
-4375.0  ,  -6885.0
8139.0  ,  -9527.0
-4981.0  ,  -9932.0
-92.0  ,  -7003.0
3873.0  ,  -11881.0
-2118.0  ,  -8807.0
9337.0  ,  -6963.0
-3045.0  ,  -11315.0
3661.0  ,  -6902.0
3500.0  ,  -10812.0
568.0  ,  -9750.0
9010.0  ,  -5293.0
-257.0  ,  -12675.0
4543.0  ,  -4728.0
5192.0  ,  -11409.0
1498.0  ,  -8081.0
10526.0  ,  -5824.0
978.0  ,  -11738.0
5198.0  ,  -4559.0
6315.0  ,  -10296.0
1638.0  ,  -6197.0
12393.0  ,  -4100.0
-397.0  ,  -11545.0
6932.0  ,  -4364.0
7638.0  ,  -9212.0
4576.0  ,  -5496.0
11088.0  ,  -2133.0
2308.0  ,  -11352.0
8318.0  ,  -1758.0
8235.0  ,  -9111.0
6541.0  ,  -4101.0
10573.0  ,  -644.0
5720.0  ,  -10233.0
7812.0  ,  28.0
9588.0  ,  -8298.0
6158.0  ,  -2883.0
12606.0  ,  -127.0
5458.0  ,  -8907.0
8614.0  ,  622.0
9583.0  ,  -7042.0
5769.0  ,  -950.0
12444.0  ,  1131.0
5381.0  ,  -9685.0
9853.0  ,  2453.0
10297.0  ,  -5487.0
6843.0  ,  1585.0
10648.0  ,  2282.0
7366.0  ,  -7463.0
9164.0  ,  4613.0
11747.0  ,  -4274.0
6688.0  ,  3434.0
10239.0  ,  2674.0
8593.0  ,  -4255.0
7777.0  ,  5199.0
12096.0  ,  -2405.0
5375.0  ,  4403.0
11978.0  ,  4196.0
8375.0  ,  -2894.0
8154.0  ,  6588.0
11020.0  ,  -2232.0
5374.0  ,  5385.0
10496.0  ,  5555.0
8442.0  ,  -3397.0
7553.0  ,  8570.0
10976.0  ,  -734.0
3593.0  ,  7630.0
10103.0  ,  4485.0
8713.0  ,  -388.0
6109.0  ,  9760.0
11407.0  ,  2570.0
1893.0  ,  8191.0
10036.0  ,  5803.0
7255.0  ,  2335.0
4848.0  ,  9457.0
10380.0  ,  3812.0
946.0  ,  8273.0
9468.0  ,  8706.0
6045.0  ,  2967.0
4060.0  ,  10654.0
9020.0  ,  3774.0
-250.0  ,  9434.0
8513.0  ,  8406.0
6261.0  ,  3539.0
2489.0  ,  11567.0
8556.0  ,  4498.0
-2256.0  ,  9848.0
8353.0  ,  8037.0
4658.0  ,  5750.0
652.0  ,  11952.0
6974.0  ,  7165.0
-3643.0  ,  8672.0
7358.0  ,  9799.0
1927.0  ,  6343.0
122.0  ,  11708.0
5072.0  ,  7397.0
-4529.0  ,  8623.0
5235.0  ,  11622.0
726.0  ,  6109.0
-891.0  ,  11943.0
3851.0  ,  6409.0
-5966.0  ,  9518.0
4321.0  ,  11043.0
-567.0  ,  6682.0
-2400.0  ,  11168.0
3680.0  ,  7590.0
-8314.0  ,  7722.0
4768.0  ,  10778.0
-2262.0  ,  6785.0
-4116.0  ,  11021.0
302.0  ,  8114.0
-7566.0  ,  6493.0
2540.0  ,  12559.0
-5008.0  ,  5356.0
-5182.0  ,  11236.0
-1272.0  ,  6646.0
-8596.0  ,  6498.0
-475.0  ,  12000.0
-5510.0  ,  4829.0
-5673.0  ,  10340.0
-1329.0  ,  5308.0
-11076.0  ,  6306.0
-1037.0  ,  11099.0
-6970.0  ,  4227.0
-5440.0  ,  9392.0
-2878.0  ,  6063.0
-11128.0  ,  3252.0
-1276.0  ,  11344.0
-8200.0  ,  2622.0
-7641.0  ,  8530.0
-5361.0  ,  4621.0
-9712.0  ,  2971.0
-4671.0  ,  11057.0
-9350.0  ,  453.0
-9868.0  ,  7640.0
-5058.0  ,  2339.0
-11297.0  ,  2989.0
-6273.0  ,  8894.0
-9312.0  ,  -412.0
-9327.0  ,  6587.0
-5086.0  ,  1603.0
-13330.0  ,  1001.0
-6177.0  ,  7849.0
-10134.0  ,  -1838.0
-8518.0  ,  6390.0
-6564.0  ,  244.0
-11059.0  ,  -980.0
-6860.0  ,  8045.0
-9575.0  ,  -3603.0
-10172.0  ,  5473.0
-6882.0  ,  -2391.0
-10858.0  ,  -75.0
-9093.0  ,  5007.0
-8659.0  ,  -5604.0
-11555.0  ,  2701.0
-5251.0  ,  -3162.0
-12623.0  ,  -1598.0
-8389.0  ,  2100.0
-8986.0  ,  -6806.0
-10124.0  ,  1169.0
-4763.0  ,  -4291.0
-13213.0  ,  -4497.0
-8002.0  ,  1579.0
-8557.0  ,  -8094.0
-9640.0  ,  2625.0
-5546.0  ,  -6441.0
-9952.0  ,  -4420.0
-8655.0  ,  810.0
-6400.0  ,  -8594.0
-11399.0  ,  -267.0
-3514.0  ,  -7784.0
-11078.0  ,  -4216.0
-8225.0  ,  -2592.0
-5096.0  ,  -9576.0
-10032.0  ,  -3549.0
-2282.0  ,  -7266.0
-11143.0  ,  -7350.0
-5924.0  ,  -3960.0
-4755.0  ,  -11727.0
-8275.0  ,  -3347.0
-1440.0  ,  -8339.0
-9915.0  ,  -9282.0
-4751.0  ,  -4637.0
