-7522.0  ,  8532.0
-8515.0  ,  -2738.0
-11063.0  ,  2269.0
-7074.0  ,  374.0
-9496.0  ,  -3290.0
-10419.0  ,  5864.0
-7665.0  ,  -5313.0
-12519.0  ,  527.0
-5370.0  ,  -1730.0
-11038.0  ,  -4269.0
-10133.0  ,  3358.0
-7249.0  ,  -5883.0
-11399.0  ,  -355.0
-4915.0  ,  -1687.0
-11747.0  ,  -7348.0
-9440.0  ,  2930.0
-7141.0  ,  -7434.0
-10559.0  ,  297.0
-5619.0  ,  -3762.0
-8245.0  ,  -7453.0
-10280.0  ,  1951.0
-5231.0  ,  -8547.0
-11428.0  ,  -1948.0
-4114.0  ,  -6040.0
-8604.0  ,  -6690.0
-10233.0  ,  -1386.0
-3315.0  ,  -9671.0
-10679.0  ,  -5050.0
-2457.0  ,  -5685.0
-9049.0  ,  -8664.0
-8032.0  ,  -3444.0
-2928.0  ,  -10803.0
-9091.0  ,  -4974.0
-1495.0  ,  -6324.0
-7774.0  ,  -11054.0
-7121.0  ,  -3549.0
-1933.0  ,  -11603.0
-8728.0  ,  -3967.0
118.0  ,  -8247.0
-5750.0  ,  -9802.0
-7196.0  ,  -4649.0
159.0  ,  -11324.0
-8827.0  ,  -7305.0
1684.0  ,  -8408.0
-6191.0  ,  -9994.0
-5125.0  ,  -6997.0
1727.0  ,  -10670.0
-6204.0  ,  -8880.0
2574.0  ,  -7192.0
-4634.0  ,  -12628.0
-1927.0  ,  -7079.0
3375.0  ,  -12328.0
-4513.0  ,  -7562.0
3842.0  ,  -7744.0
-2351.0  ,  -13096.0
-1356.0  ,  -6719.0
4240.0  ,  -11598.0
-5564.0  ,  -6810.0
6453.0  ,  -8442.0
-1697.0  ,  -11065.0
660.0  ,  -7624.0
5161.0  ,  -10060.0
-2982.0  ,  -10292.0
7445.0  ,  -6683.0
-2028.0  ,  -12064.0
2505.0  ,  -7309.0
5791.0  ,  -9408.0
310.0  ,  -9207.0
7362.0  ,  -5440.0
1774.0  ,  -13852.0
4991.0  ,  -5270.0
8390.0  ,  -9868.0
503.0  ,  -6984.0
9041.0  ,  -5538.0
3777.0  ,  -11985.0
5978.0  ,  -4538.0
8913.0  ,  -8379.0
19.0  ,  -6544.0
11408.0  ,  -4294.0
3340.0  ,  -10967.0
7429.0  ,  -3882.0
8424.0  ,  -7222.0
3408.0  ,  -7696.0
10526.0  ,  -2095.0
4386.0  ,  -11682.0
8255.0  ,  -2046.0
9091.0  ,  -6902.0
5465.0  ,  -5644.0
10272.0  ,  -2059.0
8267.0  ,  -10295.0
8186.0  ,  265.0
11346.0  ,  -5542.0
4226.0  ,  -3485.0
12123.0  ,  -660.0
7973.0  ,  -7327.0
9697.0  ,  1988.0
10881.0  ,  -3625.0
3761.0  ,  -3249.0
13294.0  ,  2192.0
7366.0  ,  -7314.0
10099.0  ,  3577.0
10018.0  ,  -4118.0
7258.0  ,  -1764.0
10968.0  ,  2435.0
9908.0  ,  -6144.0
8245.0  ,  5481.0
11817.0  ,  -2512.0
7005.0  ,  1241.0
11341.0  ,  2474.0
11460.0  ,  -2990.0
6938.0  ,  6066.0
12424.0  ,  -584.0
4917.0  ,  2185.0
11947.0  ,  5136.0
9217.0  ,  -751.0
7527.0  ,  8643.0
10591.0  ,  383.0
5033.0  ,  2229.0
10895.0  ,  7924.0
8615.0  ,  -722.0
6579.0  ,  10817.0
10478.0  ,  -61.0
5468.0  ,  5106.0
9064.0  ,  6827.0
9686.0  ,  2060.0
3828.0  ,  10307.0
12001.0  ,  3206.0
3735.0  ,  6942.0
10315.0  ,  7490.0
8579.0  ,  4880.0
2892.0  ,  9824.0
10646.0  ,  5239.0
1489.0  ,  6694.0
9081.0  ,  9971.0
5209.0  ,  5065.0
2336.0  ,  12104.0
9152.0  ,  4163.0
1322.0  ,  7334.0
6109.0  ,  10634.0
4524.0  ,  5197.0
-415.0  ,  13447.0
9273.0  ,  3963.0
-306.0  ,  8996.0
5529.0  ,  10031.0
3330.0  ,  7626.0
-1943.0  ,  11207.0
7918.0  ,  8110.0
-2457.0  ,  8537.0
6009.0  ,  11495.0
1285.0  ,  7864.0
-2205.0  ,  10844.0
5331.0  ,  9406.0
-3607.0  ,  7612.0
3591.0  ,  13681.0
-950.0  ,  6505.0
-4073.0  ,  12296.0
4839.0  ,  7246.0
-4792.0  ,  8192.0
1197.0  ,  11517.0
-2807.0  ,  6423.0
-5748.0  ,  11335.0
5298.0  ,  7451.0
-7482.0  ,  7971.0
834.0  ,  11343.0
-5062.0  ,  6666.0
-6223.0  ,  8985.0
1271.0  ,  10195.0
-7940.0  ,  6052.0
-724.0  ,  12976.0
-6708.0  ,  4905.0
-6080.0  ,  9223.0
-1484.0  ,  9334.0
-8216.0  ,  5403.0
-2710.0  ,  13022.0
-6677.0  ,  3266.0
-8412.0  ,  9918.0
-988.0  ,  6950.0
-10407.0  ,  4714.0
-3776.0  ,  10266.0
-8408.0  ,  2102.0
-9106.0  ,  7781.0
-450.0  ,  8166.0
-12224.0  ,  2914.0
-4367.0  ,  9898.0
-10099.0  ,  -65.0
-8574.0  ,  6206.0
-4783.0  ,  7028.0
-10744.0  ,  1359.0
-7587.0  ,  9789.0
-9410.0  ,  -2501.0
-9886.0  ,  6228.0
-6565.0  ,  4503.0
-10569.0  ,  911.0
-8682.0  ,  8369.0
-8732.0  ,  -3017.0
-12005.0  ,  5703.0
-5014.0  ,  2923.0
-12132.0  ,  -723.0
-7361.0  ,  6096.0
-9381.0  ,  -5446.0
-10667.0  ,  4968.0
-5437.0  ,  3056.0
-12076.0  ,  -2880.0
-7849.0  ,  5056.0
-8745.0  ,  -7696.0
-10270.0  ,  3751.0
-7210.0  ,  -30.0
-10923.0  ,  -3305.0
-10035.0  ,  2454.0
-6047.0  ,  -8729.0
-12138.0  ,  1647.0
-6438.0  ,  -2342.0
-10963.0  ,  -4166.0
-9656.0  ,  438.0
-6113.0  ,  -9061.0
-12320.0  ,  -206.0
-4918.0  ,  -2661.0
-10863.0  ,  -5689.0
-7691.0  ,  454.0
-5700.0  ,  -10717.0
-11596.0  ,  189.0
-5101.0  ,  -4334.0
-9624.0  ,  -6860.0
-7342.0  ,  -1475.0
-3511.0  ,  -11605.0
-11593.0  ,  -234.0
-4308.0  ,  -6699.0
-8829.0  ,  -7755.0
-6956.0  ,  -4317.0
-1207.0  ,  -10860.0
-11242.0  ,  -3588.0
-2187.0  ,  -7140.0
-8613.0  ,  -8522.0
-5561.0  ,  -5365.0
-886.0  ,  -11497.0
-10086.0  ,  -5983.0
-888.0  ,  -7285.0
-7594.0  ,  -9926.0
-3679.0  ,  -4912.0
300.0  ,  -12755.0
-9938.0  ,  -5073.0
-140.0  ,  -8561.0
-6184.0  ,  -9656.0
-2205.0  ,  -5773.0
1923.0  ,  -11784.0
-9768.0  ,  -5513.0
2441.0  ,  -9402.0
-4829.0  ,  -11153.0
58.0  ,  -7030.0
2292.0  ,  -10204.0
-6831.0  ,  -8735.0
3958.0  ,  -8048.0
-3835.0  ,  -11995.0
1868.0  ,  -6541.0
3801.0  ,  -11176.0
-4805.0  ,  -8676.0
4619.0  ,  -7572.0
-2570.0  ,  -11609.0
2318.0  ,  -5838.0
5579.0  ,  -11371.0
-4720.0  ,  -8424.0
6575.0  ,  -7962.0
-1576.0  ,  -10906.0
4462.0  ,  -5360.0
5949.0  ,  -9790.0
-3802.0  ,  -9232.0
8672.0  ,  -7081.0
483.0  ,  -11722.0
6382.0  ,  -4022.0
5219.0  ,  -9274.0
20.0  ,  -9296.0
8839.0  ,  -5341.0
2792.0  ,  -11749.0
7079.0  ,  -2589.0
7448.0  ,  -9349.0
1871.0  ,  -7948.0
9243.0  ,  -4609.0
3315.0  ,  -10286.0
7683.0  ,  -1623.0
9153.0  ,  -8653.0
1728.0  ,  -7363.0
10552.0  ,  -3767.0
2838.0  ,  -10130.0
9098.0  ,  -224.0
8056.0  ,  -7711.0
3316.0  ,  -7459.0
11379.0  ,  -1556.0
5761.0  ,  -9154.0
8715.0  ,  1950.0
8462.0  ,  -7748.0
6022.0  ,  -4938.0
11515.0  ,  -709.0
7696.0  ,  -6999.0
8011.0  ,  3165.0
11126.0  ,  -6667.0
5850.0  ,  -2747.0
11493.0  ,  -44.0
6978.0  ,  -5619.0
9225.0  ,  4014.0
11762.0  ,  -4394.0
5675.0  ,  -2392.0
11622.0  ,  1788.0
6686.0  ,  -5639.0
8786.0  ,  6541.0
10048.0  ,  -4577.0
7217.0  ,  -1230.0
10900.0  ,  2874.0
8619.0  ,  -3445.0
6797.0  ,  7317.0
11482.0  ,  -3845.0
7089.0  ,  2392.0
11500.0  ,  4691.0
8536.0  ,  -377.0
6429.0  ,  7010.0
12855.0  ,  -964.0
5511.0  ,  3485.0
10957.0  ,  5494.0
7252.0  ,  -25.0
6923.0  ,  9238.0
11978.0  ,  699.0
5372.0  ,  4287.0
9735.0  ,  6165.0
6776.0  ,  245.0
5057.0  ,  10987.0
11300.0  ,  -68.0
5216.0  ,  6095.0
8864.0  ,  7020.0
7231.0  ,  3181.0
3131.0  ,  9819.0
12050.0  ,  2122.0
2749.0  ,  7951.0
8470.0  ,  8496.0
4430.0  ,  4807.0
3291.0  ,  10054.0
10982.0  ,  5156.0
1224.0  ,  7858.0
7445.0  ,  9994.0
3439.0  ,  4071.0
2421.0  ,  12746.0
9066.0  ,  5824.0
460.0  ,  8873.0
6198.0  ,  8926.0
2701.0  ,  4822.0
-276.0  ,  12392.0
9208.0  ,  5155.0
-1301.0  ,  9289.0
5616.0  ,  9738.0
1451.0  ,  7163.0
-692.0  ,  10346.0
8151.0  ,  8279.0
-3620.0  ,  8797.0
4280.0  ,  11099.0
-1056.0  ,  6337.0
-721.0  ,  11565.0
5021.0  ,  9161.0
-5059.0  ,  8802.0
1674.0  ,  11624.0
-2104.0  ,  4627.0
-3372.0  ,  12983.0
3578.0  ,  8513.0
-6384.0  ,  8918.0
2651.0  ,  9688.0
-3122.0  ,  5813.0
-5104.0  ,  11115.0
3439.0  ,  8759.0
-7743.0  ,  7788.0
1778.0  ,  11351.0
-5843.0  ,  5788.0
-4297.0  ,  9241.0
954.0  ,  9764.0
-8580.0  ,  5604.0
-2041.0  ,  11378.0
-5954.0  ,  3729.0
-5895.0  ,  11448.0
-2237.0  ,  8205.0
-10362.0  ,  5316.0
-4012.0  ,  9856.0
-6392.0  ,  2387.0
-8908.0  ,  10991.0
-2494.0  ,  6893.0
-11507.0  ,  4668.0
-1968.0  ,  9013.0
-8478.0  ,  2031.0
-8931.0  ,  8489.0
-3975.0  ,  6428.0
-11394.0  ,  2702.0
-4029.0  ,  9171.0
-9444.0  ,  -264.0
-7763.0  ,  8008.0
-5932.0  ,  5465.0
-10720.0  ,  948.0
-7130.0  ,  7961.0
-8212.0  ,  -1299.0
-10830.0  ,  8103.0
-6727.0  ,  2620.0
-12159.0  ,  107.0
-6823.0  ,  5280.0
-8517.0  ,  -2396.0
-12703.0  ,  5571.0
-6375.0  ,  1127.0
-12700.0  ,  -1783.0
-4963.0  ,  5634.0
-10112.0  ,  -4493.0
-11356.0  ,  4373.0
-7184.0  ,  51.0
-11251.0  ,  -2550.0
-7593.0  ,  5107.0
-8979.0  ,  -6463.0
-10634.0  ,  4670.0
-7781.0  ,  -2329.0
-10552.0  ,  -2882.0
-9455.0  ,  1719.0
-6904.0  ,  -6476.0
-13136.0  ,  2335.0
-6136.0  ,  -4525.0
-11108.0  ,  -4567.0
-7098.0  ,  -34.0
-7612.0  ,  -7608.0
-12777.0  ,  -1214.0
-5063.0  ,  -5750.0
-10638.0  ,  -7113.0
-5484.0  ,  227.0
-6826.0  ,  -10367.0
-10942.0  ,  -1370.0
-4667.0  ,  -7920.0
-9238.0  ,  -6185.0
-7218.0  ,  -1131.0
-4868.0  ,  -10764.0
-11589.0  ,  -1841.0
-3028.0  ,  -8898.0
-8962.0  ,  -7069.0
-6599.0  ,  -5311.0
-3783.0  ,  -9441.0
-12082.0  ,  -5047.0
-961.0  ,  -8751.0
-8513.0  ,  -8684.0
-3843.0  ,  -5016.0
-3809.0  ,  -11019.0
-8545.0  ,  -7143.0
295.0  ,  -9571.0
-6588.0  ,  -9948.0
-2388.0  ,  -3691.0
-1166.0  ,  -13404.0
-7501.0  ,  -6019.0
2161.0  ,  -11218.0
-5705.0  ,  -8604.0
-2408.0  ,  -5460.0
350.0  ,  -12123.0
-7121.0  ,  -7474.0
4290.0  ,  -10384.0
-5491.0  ,  -10001.0
310.0  ,  -7798.0
-106.0  ,  -11096.0
-5375.0  ,  -9975.0
5277.0  ,  -8324.0
-3606.0  ,  -11854.0
2232.0  ,  -6151.0
1287.0  ,  -12803.0
-1743.0  ,  -9149.0
6660.0  ,  -8883.0
-2079.0  ,  -10918.0
2551.0  ,  -4979.0
4626.0  ,  -12407.0
-1001.0  ,  -7560.0
9523.0  ,  -8900.0
-2600.0  ,  -9657.0
4147.0  ,  -6174.0
5452.0  ,  -10307.0
-72.0  ,  -8847.0
10266.0  ,  -6463.0
-503.0  ,  -11543.0
6992.0  ,  -5119.0
4795.0  ,  -10851.0
3422.0  ,  -8915.0
9262.0  ,  -4586.0
2635.0  ,  -11835.0
7052.0  ,  -3141.0
7052.0  ,  -11857.0
4530.0  ,  -6052.0
11181.0  ,  -4631.0
3315.0  ,  -9619.0
7338.0  ,  -2172.0
9227.0  ,  -8947.0
4746.0  ,  -4293.0
13019.0  ,  -3200.0
1815.0  ,  -9201.0
9519.0  ,  -1114.0
8899.0  ,  -7499.0
6342.0  ,  -3811.0
12109.0  ,  -644.0
4832.0  ,  -9514.0
9879.0  ,  1066.0
9575.0  ,  -7857.0
8303.0  ,  -979.0
10414.0  ,  -356.0
8586.0  ,  -7366.0
8840.0  ,  2388.0
11959.0  ,  -7303.0
7189.0  ,  356.0
12321.0  ,  207.0
7200.0  ,  -5461.0
9557.0  ,  3502.0
11865.0  ,  -4097.0
6666.0  ,  2345.0
12650.0  ,  2280.0
5881.0  ,  -5831.0
9693.0  ,  5833.0
10178.0  ,  -3095.0
7238.0  ,  4326.0
10484.0  ,  3774.0
8312.0  ,  -3818.0
8503.0  ,  7185.0
12047.0  ,  -1865.0
5841.0  ,  6982.0
10148.0  ,  3686.0
9466.0  ,  -23.0
6855.0  ,  7073.0
13362.0  ,  297.0
4288.0  ,  6979.0
11560.0  ,  5370.0
7138.0  ,  1158.0
6797.0  ,  8808.0
11387.0  ,  1678.0
3141.0  ,  8232.0
10276.0  ,  6892.0
6878.0  ,  67.0
5969.0  ,  10878.0
9527.0  ,  1940.0
1545.0  ,  10399.0
8988.0  ,  6163.0
7351.0  ,  3008.0
4009.0  ,  11093.0
10395.0  ,  4407.0
-1107.0  ,  10487.0
8366.0  ,  7563.0
4957.0  ,  5881.0
3270.0  ,  10270.0
8824.0  ,  7088.0
-2227.0  ,  9607.0
7959.0  ,  9829.0
2794.0  ,  5463.0
2591.0  ,  11575.0
7388.0  ,  6325.0
-3297.0  ,  10299.0
7048.0  ,  10072.0
2162.0  ,  5177.0
213.0  ,  12553.0
5724.0  ,  5983.0
-6159.0  ,  10690.0
6844.0  ,  8781.0
1274.0  ,  6471.0
-1301.0  ,  12170.0
4103.0  ,  8096.0
-7790.0  ,  8426.0
5341.0  ,  10592.0
-2053.0  ,  7341.0
-1215.0  ,  11194.0
1837.0  ,  8971.0
-8114.0  ,  7469.0
2623.0  ,  11878.0
-2968.0  ,  5299.0
-3005.0  ,  12281.0
520.0  ,  7371.0
-9459.0  ,  7812.0
2113.0  ,  11405.0
-3985.0  ,  5731.0
-4164.0  ,  11229.0
-394.0  ,  6474.0
-10961.0  ,  6422.0
3135.0  ,  11475.0
-6212.0  ,  5752.0
-5808.0  ,  10609.0
-2987.0  ,  6619.0
-10117.0  ,  4165.0
-452.0  ,  11882.0
-8017.0  ,  3672.0
-6396.0  ,  10347.0
-4836.0  ,  5503.0
-10664.0  ,  3091.0
-3165.0  ,  10716.0
-7258.0  ,  1896.0
-7363.0  ,  9790.0
-4619.0  ,  4008.0
-12467.0  ,  3230.0
-2967.0  ,  10136.0
-8561.0  ,  1145.0
-8209.0  ,  8344.0
-5552.0  ,  2235.0
-12051.0  ,  1276.0
-3324.0  ,  10728.0
-10321.0  ,  -298.0
-9087.0  ,  7157.0
-7008.0  ,  84.0
-10338.0  ,  432.0
-6457.0  ,  8687.0
-9885.0  ,  -2665.0
-10517.0  ,  6205.0
-6899.0  ,  -1815.0
-10755.0  ,  -184.0
-7896.0  ,  5794.0
-8569.0  ,  -3382.0
-10961.0  ,  4956.0
-6285.0  ,  -2699.0
-12652.0  ,  -2058.0
-7261.0  ,  4732.0
-9194.0  ,  -4808.0
-9916.0  ,  4208.0
-6206.0  ,  -3965.0
-11366.0  ,  -2933.0
-7714.0  ,  5198.0
-8843.0  ,  -6950.0
-10598.0  ,  2452.0
-5328.0  ,  -6197.0
-10277.0  ,  -2538.0
-8507.0  ,  1888.0
-7714.0  ,  -8289.0
-11522.0  ,  -346.0
-3238.0  ,  -7347.0
-10939.0  ,  -3899.0
-7704.0  ,  -1035.0
-6694.0  ,  -8328.0
-10612.0  ,  -1222.0
-2924.0  ,  -7697.0
-10983.0  ,  -6693.0
-7284.0  ,  -1240.0
-6241.0  ,  -9602.0
-9953.0  ,  -817.0
-2076.0  ,  -9328.0
-9787.0  ,  -6228.0
-6913.0  ,  -2213.0
-4462.0  ,  -10564.0
-9605.0  ,  -3183.0
99.0  ,  -9548.0
-9572.0  ,  -6288.0
-5584.0  ,  -5024.0
-3120.0  ,  -11399.0
-8166.0  ,  -6100.0
1574.0  ,  -8724.0
-9246.0  ,  -8455.0
-3106.0  ,  -5974.0
-2491.0  ,  -11406.0
-6615.0  ,  -5732.0
2303.0  ,  -9854.0
-7149.0  ,  -10342.0
-2594.0  ,  -5722.0
-1333.0  ,  -11605.0
-6401.0  ,  -5286.0
4056.0  ,  -10604.0
-6698.0  ,  -9225.0
-1204.0  ,  -6831.0
343.0  ,  -11409.0
-4761.0  ,  -7175.0
5921.0  ,  -8826.0
-6720.0  ,  -9740.0
1143.0  ,  -7655.0
1747.0  ,  -11493.0
-2088.0  ,  -7945.0
5546.0  ,  -7753.0
-4415.0  ,  -11930.0
3690.0  ,  -6413.0
3063.0  ,  -12206.0
-156.0  ,  -6296.0
7174.0  ,  -8822.0
-1968.0  ,  -11902.0
3903.0  ,  -5811.0
3705.0  ,  -11229.0
-166.0  ,  -5440.0
9608.0  ,  -8203.0
-2183.0  ,  -10939.0
5777.0  ,  -6019.0
4252.0  ,  -10228.0
1823.0  ,  -6988.0
9516.0  ,  -5513.0
-1450.0  ,  -11693.0
7317.0  ,  -4200.0
5967.0  ,  -9843.0
4186.0  ,  -5677.0
8595.0  ,  -5251.0
2701.0  ,  -11530.0
8802.0  ,  -2361.0
8455.0  ,  -9544.0
4305.0  ,  -2898.0
11095.0  ,  -5776.0
4345.0  ,  -9899.0
9492.0  ,  -1784.0
7585.0  ,  -8201.0
4479.0  ,  -3156.0
12925.0  ,  -3484.0
3807.0  ,  -9294.0
10419.0  ,  -574.0
6915.0  ,  -8207.0
6830.0  ,  -2068.0
10372.0  ,  -1250.0
5561.0  ,  -9383.0
9842.0  ,  1886.0
9544.0  ,  -6781.0
6873.0  ,  686.0
10621.0  ,  -2122.0
8223.0  ,  -6380.0
9631.0  ,  3626.0
11028.0  ,  -4637.0
5658.0  ,  1958.0
13167.0  ,  -719.0
7754.0  ,  -4264.0
10337.0  ,  4741.0
9325.0  ,  -3876.0
6012.0  ,  2659.0
13413.0  ,  1947.0
7570.0  ,  -3438.0
9711.0  ,  6409.0
9415.0  ,  -4395.0
6833.0  ,  5090.0
10949.0  ,  1625.0
8901.0  ,  -1833.0
8081.0  ,  7213.0
11353.0  ,  -1687.0
5349.0  ,  6390.0
11991.0  ,  2145.0
8618.0  ,  1500.0
7123.0  ,  8030.0
10518.0  ,  1278.0
3895.0  ,  6443.0
12596.0  ,  5403.0
6526.0  ,  3119.0
7124.0  ,  10649.0
8701.0  ,  1057.0
3587.0  ,  8237.0
11254.0  ,  7239.0
6130.0  ,  3052.0
5573.0  ,  10958.0
9305.0  ,  334.0
2017.0  ,  10179.0
9605.0  ,  5606.0
5948.0  ,  5492.0
4023.0  ,  10180.0
9617.0  ,  4758.0
-44.0  ,  9464.0
10785.0  ,  7619.0
3695.0  ,  6938.0
2811.0  ,  10904.0
6810.0  ,  6250.0
-333.0  ,  9051.0
8293.0  ,  10793.0
873.0  ,  7145.0
1901.0  ,  12812.0
4725.0  ,  4653.0
-2216.0  ,  10738.0
6329.0  ,  10690.0
-429.0  ,  7349.0
356.0  ,  12132.0
5483.0  ,  4433.0
-4501.0  ,  10963.0
6238.0  ,  9706.0
-2009.0  ,  8325.0
-419.0  ,  11053.0
3326.0  ,  8698.0
-5159.0  ,  8792.0
5851.0  ,  12211.0
-3800.0  ,  7210.0
-1229.0  ,  11691.0
457.0  ,  7525.0
-5396.0  ,  9128.0
1533.0  ,  13109.0
-5555.0  ,  6091.0
-3895.0  ,  12137.0
185.0  ,  5420.0
-8188.0  ,  9351.0
382.0  ,  10820.0
-7619.0  ,  6171.0
-4324.0  ,  10305.0
444.0  ,  6150.0
-10393.0  ,  7726.0
773.0  ,  10640.0
-9248.0  ,  5346.0
-3937.0  ,  10185.0
-3700.0  ,  7240.0
-8883.0  ,  6166.0
-2092.0  ,  12337.0
-9299.0  ,  2557.0
-6021.0  ,  10605.0
-5211.0  ,  4689.0
-9787.0  ,  6751.0
-5269.0  ,  10293.0
-9902.0  ,  996.0
-8196.0  ,  9131.0
-4300.0  ,  2821.0
-11974.0  ,  5039.0
-5148.0  ,  7139.0
-11767.0  ,  -378.0
-7019.0  ,  7700.0
-4748.0  ,  1998.0
-12831.0  ,  2360.0
-5382.0  ,  7075.0
-12064.0  ,  -2411.0
-7612.0  ,  7840.0
-7946.0  ,  808.0
-10911.0  ,  2347.0
-8507.0  ,  5833.0
-9643.0  ,  -4080.0
-10764.0  ,  6449.0
-7477.0  ,  -1656.0
-12466.0  ,  2221.0
-8979.0  ,  3351.0
-9579.0  ,  -4674.0
-10907.0  ,  4125.0
-6072.0  ,  -2425.0
-13296.0  ,  -583.0
-6968.0  ,  1309.0
-10804.0  ,  -7229.0
-8940.0  ,  4455.0
-6491.0  ,  -3629.0
-12337.0  ,  -2935.0
-7235.0  ,  550.0
-9395.0  ,  -9603.0
-9510.0  ,  3814.0
-6409.0  ,  -6280.0
-11181.0  ,  -2362.0
-8485.0  ,  -2239.0
-6647.0  ,  -8705.0
-11825.0  ,  -62.0
-4437.0  ,  -7315.0
-12793.0  ,  -3683.0
-6723.0  ,  -4666.0
-6808.0  ,  -8825.0
-10618.0  ,  -2082.0
-3290.0  ,  -7797.0
-12136.0  ,  -6365.0
-4193.0  ,  -4692.0
-6522.0  ,  -11513.0
-8706.0  ,  -686.0
-2530.0  ,  -9256.0
-9311.0  ,  -7096.0
-3065.0  ,  -6282.0
-4013.0  ,  -12031.0
-9621.0  ,  -1184.0
-1077.0  ,  -10637.0
-9245.0  ,  -7452.0
-1316.0  ,  -8221.0
-2627.0  ,  -10511.0
-8454.0  ,  -5672.0
623.0  ,  -9556.0
-9102.0  ,  -9992.0
532.0  ,  -7721.0
-2560.0  ,  -11462.0
-6001.0  ,  -6670.0
1691.0  ,  -9658.0
-7246.0  ,  -10936.0
1857.0  ,  -7138.0
-1353.0  ,  -13057.0
-5320.0  ,  -4998.0
3518.0  ,  -11016.0
-5194.0  ,  -9363.0
4291.0  ,  -7546.0
48.0  ,  -11790.0
-5681.0  ,  -5673.0
5674.0  ,  -10644.0
-4314.0  ,  -10401.0
6880.0  ,  -7004.0
818.0  ,  -10644.0
-1596.0  ,  -8702.0
5947.0  ,  -8661.0
-2277.0  ,  -12313.0
7558.0  ,  -5107.0
2020.0  ,  -11980.0
789.0  ,  -7352.0
6671.0  ,  -8297.0
-1000.0  ,  -11729.0
7957.0  ,  -4613.0
3765.0  ,  -12318.0
603.0  ,  -6322.0
8674.0  ,  -8389.0
-112.0  ,  -9384.0
10206.0  ,  -3504.0
3391.0  ,  -10873.0
1381.0  ,  -6743.0
10613.0  ,  -6968.0
2020.0  ,  -9424.0
11195.0  ,  -765.0
4192.0  ,  -10234.0
5332.0  ,  -5967.0
9581.0  ,  -5638.0
4582.0  ,  -9577.0
10280.0  ,  1037.0
6837.0  ,  -9990.0
5160.0  ,  -3319.0
10627.0  ,  -5240.0
6052.0  ,  -7879.0
10680.0  ,  1320.0
8713.0  ,  -9310.0
5517.0  ,  -1906.0
11789.0  ,  -3670.0
4905.0  ,  -6246.0
11615.0  ,  3573.0
7428.0  ,  -8581.0
6408.0  ,  -1580.0
12315.0  ,  -1932.0
6429.0  ,  -4477.0
10384.0  ,  5606.0
8320.0  ,  -8281.0
7616.0  ,  1206.0
11839.0  ,  -1385.0
8221.0  ,  -2014.0
8523.0  ,  6218.0
10658.0  ,  -5853.0
6468.0  ,  2808.0
12220.0  ,  -431.0
7487.0  ,  -1085.0
9549.0  ,  7293.0
11145.0  ,  -3967.0
5947.0  ,  3877.0
12255.0  ,  1528.0
6319.0  ,  -87.0
8657.0  ,  9035.0
10369.0  ,  -4475.0
6505.0  ,  5473.0
11412.0  ,  2078.0
5829.0  ,  2363.0
7061.0  ,  8808.0
11242.0  ,  -3079.0
5174.0  ,  7911.0
11761.0  ,  3937.0
4992.0  ,  4953.0
6172.0  ,  8393.0
11214.0  ,  929.0
3303.0  ,  7857.0
11377.0  ,  5500.0
3383.0  ,  5365.0
5832.0  ,  10668.0
10102.0  ,  2207.0
2536.0  ,  8567.0
10269.0  ,  5900.0
2722.0  ,  5577.0
4720.0  ,  11331.0
9978.0  ,  1914.0
1657.0  ,  10122.0
9389.0  ,  5894.0
692.0  ,  7002.0
3484.0  ,  10444.0
9643.0  ,  3799.0
-616.0  ,  10757.0
8449.0  ,  9051.0
-982.0  ,  7320.0
3565.0  ,  10329.0
6689.0  ,  5988.0
-1611.0  ,  9888.0
6490.0  ,  9872.0
-2401.0  ,  6600.0
1855.0  ,  12623.0
5240.0  ,  5914.0
-2617.0  ,  10084.0
5933.0  ,  9129.0
-3036.0  ,  7140.0
205.0  ,  12190.0
5376.0  ,  6299.0
-4678.0  ,  10481.0
5303.0  ,  9060.0
-5746.0  ,  6575.0
296.0  ,  10614.0
3773.0  ,  7859.0
-6518.0  ,  9560.0
2640.0  ,  10597.0
-6450.0  ,  5325.0
148.0  ,  12069.0
-311.0  ,  7603.0
-6951.0  ,  8914.0
166.0  ,  10498.0
-7150.0  ,  4548.0
-2964.0  ,  12600.0
-866.0  ,  6432.0
-7759.0  ,  8836.0
164.0  ,  8731.0
-9001.0  ,  4100.0
-4013.0  ,  11621.0
-2048.0  ,  6294.0
-8933.0  ,  7188.0
-259.0  ,  9536.0
-10246.0  ,  2078.0
-3026.0  ,  10688.0
-3799.0  ,  6353.0
-9315.0  ,  6033.0
-3438.0  ,  8762.0
-9466.0  ,  527.0
-5344.0  ,  11780.0
-5923.0  ,  3627.0
-11199.0  ,  5297.0
-4985.0  ,  6821.0
-9593.0  ,  31.0
-7898.0  ,  9743.0
-6056.0  ,  2464.0
-11368.0  ,  4387.0
-3616.0  ,  5427.0
-11936.0  ,  -1046.0
-8000.0  ,  8751.0
-6873.0  ,  1848.0
-11053.0  ,  3099.0
-5205.0  ,  6096.0
-11181.0  ,  -3745.0
-7565.0  ,  8832.0
-8029.0  ,  -209.0
-10885.0  ,  2283.0
-7212.0  ,  3087.0
-9089.0  ,  -3913.0
-10655.0  ,  7492.0
-7582.0  ,  -3307.0
-12615.0  ,  44.0
-6418.0  ,  205.0
-10098.0  ,  -4137.0
-11476.0  ,  4490.0
-6866.0  ,  -4411.0
-12084.0  ,  -832.0
-5146.0  ,  493.0
-10822.0  ,  -7048.0
-10422.0  ,  3258.0
-7029.0  ,  -5513.0
-10688.0  ,  -1097.0
-6034.0  ,  -925.0
-8536.0  ,  -8317.0
-10503.0  ,  3559.0
-6231.0  ,  -7142.0
-11101.0  ,  -2245.0
-6220.0  ,  -3731.0
-7009.0  ,  -7237.0
-11778.0  ,  247.0
-3971.0  ,  -8482.0
-11040.0  ,  -4824.0
-4081.0  ,  -4418.0
-8525.0  ,  -8716.0
-10198.0  ,  -2351.0
-3325.0  ,  -9344.0
-9669.0  ,  -6394.0
-2831.0  ,  -4327.0
-7487.0  ,  -11793.0
-8923.0  ,  -2946.0
-2305.0  ,  -10886.0
-9185.0  ,  -4515.0
-2368.0  ,  -6233.0
-4603.0  ,  -10897.0
-8782.0  ,  -3723.0
-202.0  ,  -10912.0
-9328.0  ,  -7037.0
-529.0  ,  -8037.0
-4461.0  ,  -9428.0
-8093.0  ,  -6303.0
1487.0  ,  -10169.0
-7300.0  ,  -9034.0
891.0  ,  -6856.0
-4228.0  ,  -12147.0
-4492.0  ,  -7473.0
3115.0  ,  -11450.0
-5024.0  ,  -9093.0
2162.0  ,  -6267.0
-1738.0  ,  -13702.0
-3290.0  ,  -6693.0
4321.0  ,  -11621.0
-5446.0  ,  -7196.0
4269.0  ,  -7509.0
-690.0  ,  -12056.0
-2124.0  ,  -7591.0
5427.0  ,  -10085.0
-4506.0  ,  -10036.0
6178.0  ,  -7060.0
-968.0  ,  -11369.0
64.0  ,  -8480.0
5955.0  ,  -8608.0
-1217.0  ,  -10713.0
6343.0  ,  -5123.0
1466.0  ,  -13554.0
2909.0  ,  -6706.0
7870.0  ,  -9454.0
397.0  ,  -8604.0
7553.0  ,  -4511.0
4470.0  ,  -13077.0
3705.0  ,  -5526.0
9961.0  ,  -8496.0
-839.0  ,  -7525.0
10106.0  ,  -4454.0
4007.0  ,  -11015.0
4969.0  ,  -5817.0
9403.0  ,  -6579.0
1843.0  ,  -9447.0
10464.0  ,  -2161.0
4112.0  ,  -11531.0
6806.0  ,  -4549.0
9288.0  ,  -5778.0
5105.0  ,  -8096.0
9528.0  ,  -1246.0
7997.0  ,  -11522.0
7314.0  ,  -1520.0
11219.0  ,  -5530.0
4518.0  ,  -5038.0
10946.0  ,  -572.0
9428.0  ,  -8549.0
8096.0  ,  -4.0
12333.0  ,  -2852.0
3278.0  ,  -5481.0
12445.0  ,  1804.0
8025.0  ,  -7316.0
9248.0  ,  1510.0
10614.0  ,  -2622.0
5880.0  ,  -4389.0
10835.0  ,  3351.0
9653.0  ,  -7402.0
8837.0  ,  3706.0
11234.0  ,  -2135.0
8253.0  ,  -1622.0
9920.0  ,  3160.0
11971.0  ,  -5154.0
7066.0  ,  5013.0
12375.0  ,  -455.0
5889.0  ,  90.0
11363.0  ,  5018.0
10942.0  ,  -1501.0
6851.0  ,  7105.0
11593.0  ,  1607.0
4842.0  ,  -309.0
10553.0  ,  7937.0
9367.0  ,  -1668.0
6958.0  ,  9437.0
10506.0  ,  1111.0
6821.0  ,  1924.0
8240.0  ,  8157.0
10760.0  ,  -468.0
4688.0  ,  10023.0
11513.0  ,  2710.0
6011.0  ,  5243.0
8690.0  ,  7615.0
11214.0  ,  3029.0
2593.0  ,  9376.0
11186.0  ,  5504.0
3318.0  ,  5210.0
8520.0  ,  9709.0
7873.0  ,  4371.0
1938.0  ,  11398.0
9484.0  ,  5444.0
2656.0  ,  5042.0
5756.0  ,  12094.0
6710.0  ,  3874.0
45.0  ,  13280.0
8999.0  ,  4509.0
1776.0  ,  7011.0
4402.0  ,  10890.0
6151.0  ,  6464.0
-2308.0  ,  11610.0
8631.0  ,  7629.0
-698.0  ,  8580.0
4882.0  ,  10878.0
3971.0  ,  8169.0
-2837.0  ,  9988.0
7017.0  ,  10038.0
-2203.0  ,  7218.0
3643.0  ,  13594.0
1309.0  ,  7408.0
-4004.0  ,  11564.0
5597.0  ,  8718.0
-3181.0  ,  7030.0
590.0  ,  12377.0
184.0  ,  6437.0
-6916.0  ,  11663.0
6330.0  ,  7629.0
-5305.0  ,  7829.0
-480.0  ,  11699.0
-1980.0  ,  7308.0
-7588.0  ,  8940.0
3239.0  ,  10386.0
-7384.0  ,  6613.0
-382.0  ,  12364.0
-4353.0  ,  6780.0
-7074.0  ,  8001.0
134.0  ,  11299.0
-7607.0  ,  4695.0
-2820.0  ,  13721.0
-4965.0  ,  4905.0
-8850.0  ,  9025.0
-589.0  ,  8863.0
-9023.0  ,  4338.0
-4882.0  ,  11404.0
-6184.0  ,  3096.0
-10726.0  ,  7462.0
1371.0  ,  8795.0
-11160.0  ,  3295.0
-4898.0  ,  9977.0
-8011.0  ,  2151.0
-9679.0  ,  5034.0
-3132.0  ,  9172.0
-10760.0  ,  1204.0
-6744.0  ,  10334.0
-8900.0  ,  -503.0
-9800.0  ,  4844.0
-5778.0  ,  6801.0
-9779.0  ,  242.0
-9345.0  ,  9314.0
-7808.0  ,  -1599.0
-12348.0  ,  4286.0
-5214.0  ,  4777.0
-11233.0  ,  -1013.0
-8672.0  ,  7106.0
-8234.0  ,  -3308.0
-11858.0  ,  2892.0
-4776.0  ,  5608.0
-11854.0  ,  -3140.0
-7938.0  ,  5981.0
-8619.0  ,  -6026.0
-10395.0  ,  2705.0
-7490.0  ,  3248.0
-10697.0  ,  -4509.0
-10423.0  ,  4592.0
-6647.0  ,  -7740.0
-11208.0  ,  636.0
-7601.0  ,  -157.0
-9701.0  ,  -4691.0
-11251.0  ,  2054.0
-5631.0  ,  -7860.0
-12701.0  ,  -915.0
-5816.0  ,  -775.0
-10262.0  ,  -6230.0
-9475.0  ,  1253.0
-5428.0  ,  -9468.0
-11905.0  ,  -1278.0
-6159.0  ,  -1388.0
-9204.0  ,  -7809.0
-8634.0  ,  471.0
-3566.0  ,  -11487.0
-11052.0  ,  -1065.0
-5774.0  ,  -3784.0
-8026.0  ,  -8948.0
-8848.0  ,  -2946.0
-1335.0  ,  -10793.0
-11465.0  ,  -3530.0
-3867.0  ,  -6115.0
-7481.0  ,  -8603.0
-7921.0  ,  -4485.0
-458.0  ,  -10827.0
-10709.0  ,  -6143.0
-2429.0  ,  -5629.0
-6766.0  ,  -10099.0
-6499.0  ,  -4232.0
478.0  ,  -12121.0
-9907.0  ,  -5900.0
-1998.0  ,  -7121.0
-5348.0  ,  -10367.0
-4864.0  ,  -4700.0
2806.0  ,  -12012.0
-10287.0  ,  -5710.0
-222.0  ,  -8387.0
-4089.0  ,  -11278.0
-2689.0  ,  -6881.0
3992.0  ,  -10027.0
-8493.0  ,  -8221.0
2494.0  ,  -7732.0
-3415.0  ,  -11720.0
-747.0  ,  -6911.0
4377.0  ,  -10230.0
-5922.0  ,  -9848.0
3401.0  ,  -6859.0
-1691.0  ,  -12304.0
331.0  ,  -5758.0
6078.0  ,  -11323.0
-5451.0  ,  -9048.0
4723.0  ,  -7519.0
-1349.0  ,  -11238.0
1675.0  ,  -5749.0
7066.0  ,  -9575.0
-5816.0  ,  -10066.0
6972.0  ,  -7117.0
546.0  ,  -11898.0
4064.0  ,  -5597.0
6348.0  ,  -7984.0
-1958.0  ,  -10541.0
8265.0  ,  -5394.0
2469.0  ,  -11967.0
5079.0  ,  -4083.0
7689.0  ,  -8634.0
352.0  ,  -9358.0
8190.0  ,  -4662.0
3760.0  ,  -10888.0
5746.0  ,  -2899.0
9998.0  ,  -8290.0
352.0  ,  -9073.0
9788.0  ,  -3960.0
2983.0  ,  -10525.0
7113.0  ,  -2019.0
9389.0  ,  -6435.0
1701.0  ,  -9476.0
11120.0  ,  -1987.0
5561.0  ,  -9667.0
7868.0  ,  -25.0
8737.0  ,  -6209.0
4876.0  ,  -7788.0
11285.0  ,  -185.0
7984.0  ,  -8721.0
7351.0  ,  1459.0
10544.0  ,  -5371.0
5348.0  ,  -5472.0
10854.0  ,  292.0
7546.0  ,  -7122.0
7982.0  ,  2437.0
12473.0  ,  -3975.0
5557.0  ,  -4861.0
11472.0  ,  1830.0
7347.0  ,  -6651.0
8260.0  ,  4513.0
10698.0  ,  -3201.0
6515.0  ,  -3692.0
10682.0  ,  3577.0
9024.0  ,  -5014.0
6853.0  ,  6224.0
10946.0  ,  -3149.0
7611.0  ,  -705.0
10611.0  ,  4945.0
9688.0  ,  -2013.0
5698.0  ,  6546.0
13060.0  ,  -1208.0
6452.0  ,  1267.0
10547.0  ,  5790.0
8320.0  ,  -694.0
6137.0  ,  7935.0
12672.0  ,  1252.0
6173.0  ,  1665.0
9880.0  ,  7085.0
7819.0  ,  -1202.0
5272.0  ,  10063.0
10997.0  ,  724.0
6343.0  ,  3250.0
8225.0  ,  7971.0
8921.0  ,  1329.0
2815.0  ,  9974.0
11998.0  ,  1657.0
4654.0  ,  5984.0
7725.0  ,  8570.0
6904.0  ,  4011.0
2375.0  ,  9400.0
12238.0  ,  4926.0
2504.0  ,  6440.0
7090.0  ,  10478.0
5181.0  ,  3268.0
2045.0  ,  11624.0
10056.0  ,  6417.0
2029.0  ,  7229.0
6011.0  ,  9897.0
5434.0  ,  3656.0
-581.0  ,  12474.0
9338.0  ,  5826.0
434.0  ,  8280.0
4808.0  ,  10012.0
4098.0  ,  6426.0
-2252.0  ,  10199.0
9706.0  ,  7449.0
-1644.0  ,  8433.0
3269.0  ,  11117.0
1620.0  ,  6777.0
-1573.0  ,  10227.0
6539.0  ,  10023.0
-3961.0  ,  8139.0
1186.0  ,  12661.0
-312.0  ,  5043.0
-3274.0  ,  12449.0
4774.0  ,  9651.0
-4631.0  ,  8169.0
972.0  ,  10800.0
-725.0  ,  5087.0
-6000.0  ,  11560.0
4558.0  ,  9160.0
-6601.0  ,  8029.0
1314.0  ,  11025.0
-3007.0  ,  6616.0
-5769.0  ,  8919.0
2838.0  ,  10487.0
-7880.0  ,  5656.0
-1560.0  ,  11710.0
-4660.0  ,  4987.0
-5695.0  ,  9716.0
-1067.0  ,  10184.0
-9087.0  ,  4966.0
-4271.0  ,  11023.0
-5027.0  ,  2637.0
-8875.0  ,  10685.0
-1855.0  ,  8404.0
-10593.0  ,  4654.0
-3175.0  ,  9183.0
-6023.0  ,  2676.0
-10273.0  ,  8452.0
-2135.0  ,  8280.0
-11429.0  ,  3143.0
-3129.0  ,  10096.0
-8531.0  ,  1978.0
-8214.0  ,  6645.0
-4286.0  ,  8340.0
-10537.0  ,  988.0
-6711.0  ,  9555.0
-7937.0  ,  -385.0
-10335.0  ,  7719.0
-6675.0  ,  5395.0
-11176.0  ,  -77.0
-7873.0  ,  6627.0
-7172.0  ,  -1545.0
-12984.0  ,  5621.0
-6148.0  ,  3201.0
-13009.0  ,  -1791.0
-5689.0  ,  5929.0
-8530.0  ,  -2871.0
-12598.0  ,  3579.0
-6690.0  ,  2573.0
-11830.0  ,  -3011.0
-6874.0  ,  7000.0
-8861.0  ,  -5083.0
-10907.0  ,  3644.0
-8126.0  ,  394.0
-10213.0  ,  -4082.0
-10286.0  ,  3760.0
-7125.0  ,  -5946.0
-12761.0  ,  2799.0
-7371.0  ,  -2058.0
-10398.0  ,  -4598.0
-8845.0  ,  1054.0
-6430.0  ,  -6460.0
-13865.0  ,  -1075.0
-5744.0  ,  -4103.0
-10864.0  ,  -7340.0
-6676.0  ,  1103.0
-6743.0  ,  -9001.0
-11888.0  ,  -2100.0
-5538.0  ,  -5404.0
-9246.0  ,  -7687.0
-7438.0  ,  1683.0
-5222.0  ,  -10615.0
-11305.0  ,  -1500.0
-4887.0  ,  -7366.0
-8159.0  ,  -7457.0
-8929.0  ,  -3498.0
-3433.0  ,  -9437.0
-12857.0  ,  -4559.0
-2348.0  ,  -7605.0
-7949.0  ,  -8908.0
-5917.0  ,  -4468.0
-3278.0  ,  -10217.0
-10744.0  ,  -7628.0
-689.0  ,  -8159.0
-6670.0  ,  -10848.0
-4139.0  ,  -2782.0
-1286.0  ,  -12057.0
-8210.0  ,  -6559.0
710.0  ,  -10017.0
-4964.0  ,  -10039.0
-4819.0  ,  -3904.0
808.0  ,  -12579.0
-8314.0  ,  -6499.0
2586.0  ,  -10487.0
-5068.0  ,  -9869.0
-2916.0  ,  -7690.0
920.0  ,  -10715.0
-7463.0  ,  -10064.0
4443.0  ,  -8285.0
-4022.0  ,  -11564.0
-105.0  ,  -6904.0
1283.0  ,  -11718.0
-4023.0  ,  -10302.0
5746.0  ,  -8132.0
-2047.0  ,  -12170.0
556.0  ,  -4949.0
4516.0  ,  -12262.0
-2082.0  ,  -8434.0
8433.0  ,  -8569.0
-1353.0  ,  -10286.0
1292.0  ,  -5824.0
6450.0  ,  -10765.0
-1545.0  ,  -8847.0
10082.0  ,  -6970.0
-968.0  ,  -11314.0
4648.0  ,  -6684.0
5562.0  ,  -9770.0
1542.0  ,  -10556.0
9510.0  ,  -4323.0
2485.0  ,  -12430.0
5905.0  ,  -4466.0
7127.0  ,  -11121.0
3336.0  ,  -8809.0
10111.0  ,  -4112.0
4154.0  ,  -10825.0
5734.0  ,  -2364.0
9630.0  ,  -9677.0
3500.0  ,  -5715.0
12571.0  ,  -3236.0
2567.0  ,  -9630.0
7092.0  ,  -2145.0
10154.0  ,  -7038.0
4582.0  ,  -5361.0
13040.0  ,  -274.0
3870.0  ,  -9811.0
8944.0  ,  -631.0
9456.0  ,  -6819.0
7373.0  ,  -4489.0
10860.0  ,  998.0
7587.0  ,  -8677.0
8196.0  ,  1445.0
11311.0  ,  -7106.0
7280.0  ,  -2125.0
11479.0  ,  977.0
8362.0  ,  -6909.0
7966.0  ,  2633.0
12899.0  ,  -4508.0
6279.0  ,  -58.0
12775.0  ,  3026.0
6373.0  ,  -7043.0
8909.0  ,  3905.0
10895.0  ,  -2462.0
6814.0  ,  1495.0
11125.0  ,  4965.0
7888.0  ,  -6270.0
8579.0  ,  6349.0
11576.0  ,  -1980.0
6898.0  ,  4593.0
9288.0  ,  5025.0
10338.0  ,  -2391.0
6543.0  ,  6855.0
13440.0  ,  -181.0
5175.0  ,  5524.0
10302.0  ,  5982.0
9076.0  ,  -310.0
6353.0  ,  7698.0
12399.0  ,  1250.0
3988.0  ,  6222.0
10012.0  ,  8074.0
7940.0  ,  -1434.0
5700.0  ,  9845.0
