633.0  ,  392.0
-310.0  ,  -907.0
-1075.0  ,  125.0
-410.0  ,  -875.0
-968.0  ,  1262.0
-686.0  ,  97.0
-93.0  ,  -328.0
-515.0  ,  -1133.0
-431.0  ,  353.0
1169.0  ,  912.0
-268.0  ,  -326.0
1135.0  ,  -844.0
-591.0  ,  -614.0
-15.0  ,  1774.0
-55.0  ,  68.0
323.0  ,  -348.0
-1120.0  ,  594.0
87.0  ,  -781.0
797.0  ,  -691.0
162.0  ,  -348.0
332.0  ,  -634.0
-444.0  ,  249.0
426.0  ,  -31.0
-1092.0  ,  586.0
-141.0  ,  -126.0
116.0  ,  -527.0
922.0  ,  214.0
253.0  ,  -325.0
2242.0  ,  637.0
1536.0  ,  945.0
-99.0  ,  -386.0
356.0  ,  -288.0
1316.0  ,  892.0
14.0  ,  693.0
674.0  ,  141.0
-737.0  ,  -637.0
-798.0  ,  -203.0
318.0  ,  52.0
-268.0  ,  388.0
-568.0  ,  326.0
-577.0  ,  -52.0
-97.0  ,  -1014.0
74.0  ,  186.0
-1428.0  ,  -304.0
352.0  ,  -223.0
-599.0  ,  352.0
959.0  ,  -1128.0
1461.0  ,  -158.0
-49.0  ,  733.0
485.0  ,  1161.0
402.0  ,  -653.0
1590.0  ,  -4.0
-721.0  ,  270.0
888.0  ,  609.0
426.0  ,  587.0
-260.0  ,  -1570.0
543.0  ,  -183.0
476.0  ,  218.0
-1403.0  ,  766.0
-340.0  ,  1220.0
-727.0  ,  -1417.0
-109.0  ,  -270.0
1187.0  ,  568.0
-38.0  ,  347.0
-728.0  ,  1846.0
382.0  ,  -861.0
-993.0  ,  503.0
1217.0  ,  1111.0
-601.0  ,  -1323.0
94.0  ,  1305.0
-448.0  ,  -1203.0
-305.0  ,  430.0
811.0  ,  -918.0
-241.0  ,  767.0
-440.0  ,  564.0
-935.0  ,  -151.0
71.0  ,  591.0
-598.0  ,  544.0
534.0  ,  -951.0
-14.0  ,  1278.0
1289.0  ,  1426.0
2470.0  ,  -1267.0
-50.0  ,  -95.0
764.0  ,  -270.0
1486.0  ,  -449.0
613.0  ,  -31.0
101.0  ,  -794.0
318.0  ,  1175.0
-1102.0  ,  -1980.0
499.0  ,  174.0
4.0  ,  -953.0
233.0  ,  -931.0
335.0  ,  1243.0
-754.0  ,  392.0
-88.0  ,  -223.0
-290.0  ,  -491.0
-430.0  ,  840.0
1304.0  ,  -1379.0
-416.0  ,  1253.0
-171.0  ,  546.0
987.0  ,  -673.0
144.0  ,  336.0
-46.0  ,  474.0
-311.0  ,  -274.0
402.0  ,  -250.0
538.0  ,  1267.0
272.0  ,  -2188.0
-469.0  ,  -80.0
333.0  ,  -180.0
-501.0  ,  -111.0
-261.0  ,  99.0
-200.0  ,  -743.0
-499.0  ,  -219.0
670.0  ,  418.0
-870.0  ,  406.0
1187.0  ,  -331.0
1296.0  ,  -382.0
1312.0  ,  549.0
-666.0  ,  25.0
-540.0  ,  167.0
-91.0  ,  149.0
-847.0  ,  -1190.0
-1034.0  ,  -394.0
-559.0  ,  597.0
1003.0  ,  -712.0
-167.0  ,  -811.0
-1019.0  ,  1227.0
-286.0  ,  -62.0
2179.0  ,  948.0
114.0  ,  -86.0
372.0  ,  695.0
-615.0  ,  1086.0
823.0  ,  -434.0
1815.0  ,  300.0
1019.0  ,  -530.0
332.0  ,  -140.0
-699.0  ,  1134.0
860.0  ,  129.0
-710.0  ,  558.0
494.0  ,  -870.0
-642.0  ,  829.0
-290.0  ,  -165.0
914.0  ,  -319.0
-243.0  ,  1589.0
197.0  ,  90.0
-440.0  ,  55.0
916.0  ,  719.0
-209.0  ,  -385.0
2082.0  ,  -823.0
-904.0  ,  -729.0
-467.0  ,  369.0
74.0  ,  79.0
536.0  ,  -79.0
374.0  ,  -2128.0
-1115.0  ,  537.0
-433.0  ,  -378.0
-1566.0  ,  -1308.0
124.0  ,  -347.0
-393.0  ,  -1097.0
228.0  ,  -534.0
445.0  ,  1237.0
-136.0  ,  1468.0
37.0  ,  191.0
-518.0  ,  552.0
-758.0  ,  368.0
1449.0  ,  85.0
186.0  ,  -102.0
264.0  ,  -721.0
730.0  ,  1266.0
236.0  ,  146.0
107.0  ,  152.0
1552.0  ,  -49.0
838.0  ,  -384.0
-1227.0  ,  -370.0
-64.0  ,  -61.0
-314.0  ,  -457.0
-751.0  ,  -373.0
1006.0  ,  324.0
164.0  ,  -233.0
870.0  ,  661.0
-61.0  ,  1425.0
384.0  ,  893.0
449.0  ,  157.0
322.0  ,  795.0
-1693.0  ,  -717.0
-311.0  ,  174.0
-730.0  ,  2193.0
368.0  ,  -402.0
-705.0  ,  313.0
797.0  ,  1590.0
31.0  ,  -613.0
-364.0  ,  1300.0
-504.0  ,  -1031.0
688.0  ,  -1527.0
-202.0  ,  -346.0
261.0  ,  267.0
205.0  ,  1058.0
-189.0  ,  -231.0
161.0  ,  -139.0
-475.0  ,  1063.0
-71.0  ,  508.0
-1072.0  ,  -89.0
574.0  ,  400.0
2075.0  ,  798.0
-12.0  ,  -548.0
-151.0  ,  -1209.0
-1227.0  ,  368.0
981.0  ,  -62.0
234.0  ,  -1060.0
855.0  ,  403.0
555.0  ,  -830.0
-446.0  ,  1012.0
960.0  ,  -258.0
-338.0  ,  213.0
1046.0  ,  -253.0
403.0  ,  -177.0
-159.0  ,  -419.0
381.0  ,  1338.0
353.0  ,  -664.0
60.0  ,  637.0
1537.0  ,  -1316.0
844.0  ,  490.0
85.0  ,  941.0
770.0  ,  -145.0
173.0  ,  9.0
-609.0  ,  -498.0
1294.0  ,  -785.0
1750.0  ,  44.0
-307.0  ,  -331.0
1307.0  ,  -458.0
-839.0  ,  1569.0
474.0  ,  -75.0
623.0  ,  -363.0
-1456.0  ,  352.0
103.0  ,  -459.0
827.0  ,  102.0
78.0  ,  -281.0
1357.0  ,  1217.0
-18.0  ,  -376.0
40.0  ,  1006.0
-418.0  ,  1381.0
779.0  ,  -794.0
-1390.0  ,  -26.0
612.0  ,  272.0
499.0  ,  -157.0
1080.0  ,  1226.0
-409.0  ,  555.0
-213.0  ,  1322.0
-182.0  ,  -1028.0
163.0  ,  -198.0
-77.0  ,  1219.0
932.0  ,  341.0
721.0  ,  1129.0
335.0  ,  -1122.0
-1153.0  ,  -403.0
-1142.0  ,  1033.0
311.0  ,  -941.0
247.0  ,  -337.0
-445.0  ,  -56.0
-1415.0  ,  -797.0
-264.0  ,  289.0
547.0  ,  -366.0
281.0  ,  918.0
81.0  ,  -43.0
1433.0  ,  784.0
-1298.0  ,  -1398.0
-796.0  ,  -90.0
-949.0  ,  712.0
513.0  ,  -603.0
160.0  ,  496.0
-238.0  ,  325.0
-819.0  ,  1073.0
1332.0  ,  -390.0
-638.0  ,  4.0
285.0  ,  1111.0
128.0  ,  73.0
1072.0  ,  749.0
1566.0  ,  283.0
-1278.0  ,  -212.0
242.0  ,  -244.0
-135.0  ,  1263.0
779.0  ,  669.0
140.0  ,  561.0
-254.0  ,  119.0
1274.0  ,  26.0
-733.0  ,  139.0
7.0  ,  -1685.0
609.0  ,  327.0
274.0  ,  -1414.0
-1199.0  ,  -592.0
-71.0  ,  -455.0
34.0  ,  -1710.0
-356.0  ,  646.0
1019.0  ,  -796.0
-118.0  ,  -2054.0
709.0  ,  388.0
-36.0  ,  324.0
-770.0  ,  785.0
-213.0  ,  877.0
43.0  ,  -574.0
859.0  ,  1895.0
1291.0  ,  81.0
859.0  ,  762.0
-346.0  ,  436.0
-10.0  ,  -125.0
1707.0  ,  -50.0
-290.0  ,  1000.0
-456.0  ,  890.0
784.0  ,  540.0
404.0  ,  809.0
-300.0  ,  -1506.0
-369.0  ,  861.0
826.0  ,  1514.0
1710.0  ,  -702.0
-270.0  ,  200.0
-1117.0  ,  87.0
-922.0  ,  -330.0
-1373.0  ,  -15.0
-413.0  ,  1333.0
277.0  ,  1480.0
-76.0  ,  -1123.0
511.0  ,  -822.0
-261.0  ,  -114.0
244.0  ,  518.0
1090.0  ,  444.0
-942.0  ,  100.0
-562.0  ,  1361.0
-417.0  ,  581.0
1322.0  ,  262.0
-700.0  ,  -374.0
820.0  ,  659.0
-370.0  ,  -1360.0
359.0  ,  504.0
274.0  ,  -452.0
-819.0  ,  1085.0
-719.0  ,  -1482.0
-391.0  ,  414.0
99.0  ,  1409.0
-1394.0  ,  178.0
495.0  ,  -1110.0
1157.0  ,  -733.0
113.0  ,  830.0
-100.0  ,  -808.0
-1005.0  ,  -98.0
773.0  ,  -1055.0
-177.0  ,  659.0
-215.0  ,  391.0
358.0  ,  -130.0
894.0  ,  1492.0
-811.0  ,  732.0
-390.0  ,  913.0
996.0  ,  -341.0
519.0  ,  -222.0
734.0  ,  -754.0
-618.0  ,  -660.0
-413.0  ,  238.0
-530.0  ,  823.0
302.0  ,  813.0
969.0  ,  197.0
-1152.0  ,  654.0
511.0  ,  1080.0
952.0  ,  1043.0
466.0  ,  -136.0
-213.0  ,  496.0
1037.0  ,  1493.0
63.0  ,  -359.0
1253.0  ,  1091.0
-430.0  ,  -1021.0
-1491.0  ,  -860.0
857.0  ,  513.0
-1706.0  ,  -1145.0
-1319.0  ,  843.0
864.0  ,  -979.0
-554.0  ,  109.0
-65.0  ,  -1660.0
-761.0  ,  458.0
-1600.0  ,  -543.0
532.0  ,  -240.0
-63.0  ,  128.0
-53.0  ,  -1133.0
-347.0  ,  -502.0
-168.0  ,  -72.0
-588.0  ,  -729.0
301.0  ,  327.0
-955.0  ,  34.0
162.0  ,  -795.0
-333.0  ,  -236.0
-249.0  ,  -291.0
-49.0  ,  511.0
-732.0  ,  673.0
-243.0  ,  -19.0
-665.0  ,  584.0
1553.0  ,  -362.0
-1179.0  ,  -709.0
786.0  ,  1017.0
1210.0  ,  225.0
-1117.0  ,  -145.0
30.0  ,  -363.0
-519.0  ,  207.0
157.0  ,  647.0
-761.0  ,  -1133.0
-526.0  ,  -2.0
553.0  ,  897.0
-253.0  ,  2075.0
141.0  ,  -313.0
418.0  ,  1309.0
1210.0  ,  -151.0
297.0  ,  1084.0
-301.0  ,  1363.0
1012.0  ,  -682.0
33.0  ,  206.0
506.0  ,  1008.0
923.0  ,  290.0
783.0  ,  -71.0
903.0  ,  570.0
562.0  ,  760.0
-96.0  ,  -234.0
1214.0  ,  943.0
124.0  ,  -321.0
-122.0  ,  -828.0
-290.0  ,  -82.0
841.0  ,  -611.0
779.0  ,  -1111.0
-584.0  ,  895.0
-120.0  ,  -93.0
-271.0  ,  622.0
-920.0  ,  543.0
-830.0  ,  652.0
246.0  ,  -948.0
277.0  ,  -416.0
-168.0  ,  -905.0
622.0  ,  673.0
-413.0  ,  -575.0
-639.0  ,  75.0
-142.0  ,  201.0
555.0  ,  -119.0
1434.0  ,  1111.0
950.0  ,  -698.0
471.0  ,  -409.0
-466.0  ,  -7.0
786.0  ,  814.0
394.0  ,  -876.0
1636.0  ,  -154.0
556.0  ,  1157.0
-369.0  ,  -99.0
954.0  ,  435.0
351.0  ,  665.0
-1196.0  ,  431.0
933.0  ,  914.0
1050.0  ,  528.0
-309.0  ,  74.0
-316.0  ,  -596.0
1262.0  ,  -123.0
-1541.0  ,  -90.0
-854.0  ,  -724.0
67.0  ,  -693.0
456.0  ,  493.0
757.0  ,  -659.0
-349.0  ,  -1831.0
120.0  ,  -2433.0
2669.0  ,  1091.0
-329.0  ,  1343.0
-2854.0  ,  -1426.0
-1314.0  ,  -5186.0
6125.0  ,  -1338.0
4778.0  ,  5237.0
-1923.0  ,  3862.0
-4328.0  ,  -1109.0
-2036.0  ,  -3000.0
3784.0  ,  -1912.0
2872.0  ,  3787.0
-1912.0  ,  4399.0
-5399.0  ,  -822.0
-1444.0  ,  -4649.0
4045.0  ,  -1639.0
4501.0  ,  3114.0
-2259.0  ,  5134.0
-5075.0  ,  -848.0
-1493.0  ,  -4718.0
2811.0  ,  -1505.0
4720.0  ,  3258.0
-1274.0  ,  3687.0
-3913.0  ,  -293.0
-1312.0  ,  -4514.0
3709.0  ,  -3462.0
4217.0  ,  4003.0
-2521.0  ,  3891.0
-5098.0  ,  -1963.0
-869.0  ,  -3935.0
4388.0  ,  -1376.0
4405.0  ,  3307.0
-2305.0  ,  3747.0
-4053.0  ,  497.0
-1174.0  ,  -4375.0
3926.0  ,  -806.0
3398.0  ,  1631.0
-2345.0  ,  5159.0
-4367.0  ,  -1620.0
-1132.0  ,  -3704.0
3744.0  ,  -3399.0
4543.0  ,  3933.0
-2392.0  ,  3585.0
-3818.0  ,  189.0
-536.0  ,  -4303.0
3198.0  ,  504.0
4626.0  ,  2318.0
-1885.0  ,  5117.0
-4589.0  ,  -1745.0
-1040.0  ,  -138.0
2417.0  ,  -525.0
3288.0  ,  2502.0
1533.0  ,  3894.0
3284.0  ,  250.0
925.0  ,  8318.0
-13020.0  ,  3566.0
-5401.0  ,  -10431.0
10021.0  ,  -6461.0
5454.0  ,  6416.0
-2381.0  ,  6176.0
-7861.0  ,  -234.0
-5416.0  ,  -7447.0
7808.0  ,  -7414.0
8116.0  ,  7374.0
-3272.0  ,  8450.0
-7482.0  ,  -910.0
-5082.0  ,  -9703.0
7754.0  ,  -7178.0
9215.0  ,  3835.0
-1331.0  ,  9156.0
-10245.0  ,  957.0
-3526.0  ,  -7445.0
6764.0  ,  -7201.0
7951.0  ,  4547.0
-1534.0  ,  10078.0
-9517.0  ,  1453.0
-3116.0  ,  -9195.0
9177.0  ,  -6541.0
7863.0  ,  5734.0
-1856.0  ,  9405.0
-7594.0  ,  1242.0
-3109.0  ,  -9765.0
7969.0  ,  -5798.0
8432.0  ,  4710.0
-2527.0  ,  9588.0
-9103.0  ,  154.0
-4647.0  ,  -9538.0
7714.0  ,  -5379.0
8103.0  ,  3675.0
-3369.0  ,  8923.0
-8481.0  ,  1312.0
-3474.0  ,  -8519.0
7275.0  ,  -6077.0
6928.0  ,  4816.0
-2315.0  ,  10077.0
-8291.0  ,  930.0
-3996.0  ,  -7810.0
7673.0  ,  -5780.0
9257.0  ,  5168.0
-1657.0  ,  9127.0
-9527.0  ,  1187.0
-3428.0  ,  -8981.0
6665.0  ,  -6448.0
9087.0  ,  6852.0
-2439.0  ,  10850.0
-8716.0  ,  -438.0
-1122.0  ,  -7832.0
6415.0  ,  -6722.0
7339.0  ,  4716.0
-2734.0  ,  9151.0
-10593.0  ,  1644.0
-2038.0  ,  -8671.0
6844.0  ,  -6230.0
7432.0  ,  5733.0
-1273.0  ,  8944.0
-9280.0  ,  824.0
-2441.0  ,  -8118.0
7954.0  ,  -6875.0
10076.0  ,  5489.0
-1103.0  ,  8529.0
-8968.0  ,  402.0
-3330.0  ,  -9687.0
8272.0  ,  -6422.0
8114.0  ,  4535.0
-1837.0  ,  9485.0
-8291.0  ,  1248.0
-3519.0  ,  -9028.0
7390.0  ,  -5451.0
8989.0  ,  6112.0
-4185.0  ,  9282.0
-9586.0  ,  1298.0
-2301.0  ,  -7472.0
7353.0  ,  -6432.0
8824.0  ,  5409.0
-1184.0  ,  8669.0
-8797.0  ,  -186.0
-2513.0  ,  -9338.0
7159.0  ,  -6881.0
8524.0  ,  4980.0
-868.0  ,  8777.0
-9011.0  ,  1042.0
-2748.0  ,  -7423.0
7469.0  ,  -7331.0
7929.0  ,  6794.0
-1945.0  ,  8214.0
-9287.0  ,  -637.0
-4174.0  ,  -8278.0
5947.0  ,  -6465.0
8061.0  ,  4646.0
-3206.0  ,  9698.0
-9367.0  ,  1494.0
-4372.0  ,  -10890.0
8049.0  ,  -5318.0
7685.0  ,  4514.0
-1007.0  ,  10035.0
-8948.0  ,  1008.0
-5549.0  ,  -8282.0
6662.0  ,  -6661.0
8986.0  ,  5600.0
-1376.0  ,  9010.0
-9041.0  ,  1087.0
-4964.0  ,  -8815.0
6478.0  ,  -6325.0
6893.0  ,  4628.0
-2812.0  ,  8673.0
-9471.0  ,  934.0
-3942.0  ,  -9670.0
7882.0  ,  -5919.0
9882.0  ,  4836.0
-856.0  ,  9290.0
-8267.0  ,  1989.0
-4523.0  ,  -9539.0
8112.0  ,  -4871.0
7837.0  ,  6158.0
-4192.0  ,  9746.0
-10925.0  ,  882.0
-4293.0  ,  -7286.0
8235.0  ,  -6485.0
8405.0  ,  5686.0
-2336.0  ,  8928.0
-9135.0  ,  1119.0
-2455.0  ,  -8263.0
8105.0  ,  -6471.0
8713.0  ,  5139.0
-4841.0  ,  7133.0
-8492.0  ,  3389.0
-4804.0  ,  -10655.0
6915.0  ,  -5960.0
9308.0  ,  6598.0
-1722.0  ,  8971.0
-8038.0  ,  -1028.0
-3305.0  ,  -9527.0
5754.0  ,  -7628.0
6954.0  ,  5763.0
-2141.0  ,  9593.0
-8608.0  ,  290.0
-4217.0  ,  -9962.0
7390.0  ,  -5190.0
10385.0  ,  4593.0
-2526.0  ,  8058.0
-9093.0  ,  -551.0
-3617.0  ,  -8303.0
7818.0  ,  -7267.0
7948.0  ,  3924.0
-1637.0  ,  9590.0
-10544.0  ,  871.0
-3639.0  ,  -8475.0
8354.0  ,  -4966.0
8465.0  ,  5763.0
-1644.0  ,  8763.0
-9100.0  ,  -207.0
-3252.0  ,  -9021.0
7905.0  ,  -5524.0
9777.0  ,  5288.0
-2943.0  ,  10915.0
-8736.0  ,  1841.0
-2877.0  ,  -8636.0
7961.0  ,  -5702.0
9145.0  ,  5357.0
-2918.0  ,  8981.0
-8087.0  ,  1454.0
-2437.0  ,  -9519.0
7398.0  ,  -5553.0
9233.0  ,  5532.0
-2470.0  ,  10532.0
-8677.0  ,  -312.0
-2716.0  ,  -8478.0
7253.0  ,  -5171.0
9026.0  ,  5662.0
-2205.0  ,  9372.0
-10833.0  ,  616.0
-2329.0  ,  -7670.0
8291.0  ,  -6677.0
8485.0  ,  4450.0
-2613.0  ,  8682.0
-10957.0  ,  220.0
-4095.0  ,  -9154.0
7684.0  ,  -6729.0
8994.0  ,  3960.0
-2840.0  ,  8805.0
-9952.0  ,  889.0
-3670.0  ,  -7586.0
6699.0  ,  -7924.0
9243.0  ,  4259.0
-1472.0  ,  9458.0
-9266.0  ,  -147.0
-3574.0  ,  -9375.0
7056.0  ,  -6079.0
6600.0  ,  5379.0
-2089.0  ,  9817.0
-10535.0  ,  810.0
-5353.0  ,  -9717.0
6479.0  ,  -6422.0
9645.0  ,  5372.0
-953.0  ,  9426.0
-8256.0  ,  360.0
-4184.0  ,  -9186.0
7025.0  ,  -6439.0
8594.0  ,  5563.0
-2126.0  ,  9263.0
-9052.0  ,  -444.0
-2955.0  ,  -8260.0
6860.0  ,  -5833.0
8463.0  ,  8116.0
-2346.0  ,  10474.0
-9172.0  ,  -251.0
-3140.0  ,  -9395.0
7774.0  ,  -5373.0
8935.0  ,  4484.0
-2329.0  ,  9133.0
-8942.0  ,  935.0
-2543.0  ,  -9703.0
6548.0  ,  -4272.0
8334.0  ,  5921.0
-2586.0  ,  8614.0
-10032.0  ,  965.0
-3881.0  ,  -10421.0
7855.0  ,  -5675.0
7483.0  ,  5191.0
-3222.0  ,  9571.0
-8844.0  ,  377.0
-2743.0  ,  -8350.0
8405.0  ,  -6876.0
9127.0  ,  4543.0
-2687.0  ,  9839.0
-9018.0  ,  -440.0
-3036.0  ,  -7638.0
7194.0  ,  -5006.0
7609.0  ,  5867.0
-1921.0  ,  9927.0
-9695.0  ,  372.0
-4433.0  ,  -8184.0
8163.0  ,  -6336.0
8617.0  ,  5350.0
-2353.0  ,  8875.0
-10845.0  ,  1021.0
-2958.0  ,  -9628.0
8239.0  ,  -7376.0
8694.0  ,  3350.0
-1571.0  ,  9165.0
-8061.0  ,  1744.0
-3536.0  ,  -8867.0
7805.0  ,  -5973.0
8408.0  ,  5319.0
-2703.0  ,  9505.0
-9455.0  ,  -333.0
-4223.0  ,  -8363.0
7613.0  ,  -6134.0
7473.0  ,  5526.0
-1374.0  ,  10331.0
-8979.0  ,  1802.0
-3495.0  ,  -8605.0
6016.0  ,  -6990.0
7620.0  ,  5021.0
-2732.0  ,  9928.0
-9123.0  ,  2035.0
-3980.0  ,  -8963.0
7078.0  ,  -6591.0
8737.0  ,  4492.0
-2035.0  ,  9220.0
-9068.0  ,  376.0
-4813.0  ,  -8539.0
6715.0  ,  -5887.0
7716.0  ,  4580.0
-1797.0  ,  10271.0
-10959.0  ,  470.0
-3284.0  ,  -8356.0
9424.0  ,  -4402.0
7733.0  ,  4836.0
-1644.0  ,  9281.0
-7862.0  ,  1163.0
-3446.0  ,  -9689.0
6739.0  ,  -5747.0
8179.0  ,  5312.0
-2672.0  ,  8863.0
-10558.0  ,  1447.0
-3241.0  ,  -9144.0
7570.0  ,  -6959.0
8666.0  ,  6068.0
-2862.0  ,  8248.0
-10567.0  ,  1391.0
-3676.0  ,  -8231.0
6730.0  ,  -5527.0
8294.0  ,  4942.0
-2382.0  ,  8822.0
-8634.0  ,  560.0
-4016.0  ,  -8633.0
7603.0  ,  -6770.0
7533.0  ,  4679.0
-1797.0  ,  8909.0
-9949.0  ,  -243.0
-1663.0  ,  -7794.0
7360.0  ,  -6604.0
8839.0  ,  5473.0
-1474.0  ,  9098.0
-9984.0  ,  717.0
-4735.0  ,  -9065.0
7696.0  ,  -7854.0
8329.0  ,  4800.0
-2179.0  ,  10022.0
-9845.0  ,  434.0
-4313.0  ,  -7126.0
7238.0  ,  -6086.0
9446.0  ,  5156.0
-1834.0  ,  8276.0
-9425.0  ,  2573.0
-4394.0  ,  -8598.0
6842.0  ,  -6848.0
7628.0  ,  5646.0
-702.0  ,  8910.0
-9984.0  ,  530.0
-3637.0  ,  -8768.0
6269.0  ,  -6398.0
6894.0  ,  4463.0
-2805.0  ,  8273.0
-9199.0  ,  22.0
-4122.0  ,  -8328.0
7471.0  ,  -6171.0
8941.0  ,  4097.0
-1671.0  ,  8740.0
-9248.0  ,  735.0
-3532.0  ,  -8624.0
7140.0  ,  -5355.0
7263.0  ,  6181.0
-555.0  ,  10161.0
-10006.0  ,  1318.0
-4562.0  ,  -8101.0
7608.0  ,  -6731.0
8450.0  ,  4681.0
-3462.0  ,  7335.0
-9717.0  ,  300.0
-5521.0  ,  -8531.0
8796.0  ,  -6720.0
8661.0  ,  4509.0
-3019.0  ,  8360.0
-10744.0  ,  1185.0
-2435.0  ,  -7982.0
8048.0  ,  -4717.0
7472.0  ,  3425.0
-1852.0  ,  7405.0
-8061.0  ,  912.0
-3513.0  ,  -7604.0
8175.0  ,  -5129.0
8371.0  ,  5309.0
-3287.0  ,  9418.0
-8268.0  ,  440.0
-1740.0  ,  -7910.0
6581.0  ,  -5092.0
8292.0  ,  6157.0
-2040.0  ,  9409.0
-10728.0  ,  -185.0
-2403.0  ,  -9101.0
7836.0  ,  -6602.0
8640.0  ,  4061.0
-3496.0  ,  10081.0
-8379.0  ,  676.0
-2756.0  ,  -8255.0
6907.0  ,  -6518.0
9157.0  ,  5038.0
-2706.0  ,  9045.0
-8540.0  ,  505.0
-3028.0  ,  -9952.0
9052.0  ,  -6838.0
7269.0  ,  4532.0
-365.0  ,  8983.0
-9740.0  ,  1041.0
-749.0  ,  -8510.0
7322.0  ,  -5195.0
7237.0  ,  5254.0
-3021.0  ,  9962.0
-10382.0  ,  2446.0
-3204.0  ,  -8739.0
6093.0  ,  -5511.0
7538.0  ,  5449.0
-1571.0  ,  9616.0
-9474.0  ,  487.0
-4973.0  ,  -8228.0
7814.0  ,  -5915.0
7730.0  ,  4336.0
-1442.0  ,  8169.0
-9914.0  ,  480.0
-2233.0  ,  -7012.0
9490.0  ,  -7565.0
8562.0  ,  4457.0
-2375.0  ,  9778.0
-10623.0  ,  994.0
-2962.0  ,  -8148.0
6486.0  ,  -5564.0
8404.0  ,  3998.0
-3385.0  ,  11297.0
-9917.0  ,  1394.0
-3235.0  ,  -7978.0
7203.0  ,  -5969.0
9435.0  ,  3923.0
-2465.0  ,  8921.0
-9139.0  ,  1806.0
-2060.0  ,  -7963.0
7614.0  ,  -6981.0
10896.0  ,  6029.0
-3671.0  ,  10564.0
-8903.0  ,  630.0
-2990.0  ,  -7923.0
7059.0  ,  -6981.0
7095.0  ,  3607.0
-1675.0  ,  9194.0
-8724.0  ,  53.0
-3426.0  ,  -7228.0
6871.0  ,  -5370.0
8743.0  ,  3976.0
-1946.0  ,  8976.0
-10591.0  ,  1013.0
-2693.0  ,  -8835.0
8234.0  ,  -4364.0
7507.0  ,  5875.0
-1701.0  ,  9607.0
-9866.0  ,  2133.0
-4072.0  ,  -9086.0
6699.0  ,  -5916.0
7171.0  ,  4348.0
-3130.0  ,  9398.0
-11709.0  ,  541.0
-3486.0  ,  -8624.0
6257.0  ,  -5341.0
7742.0  ,  6867.0
-2587.0  ,  9756.0
-8401.0  ,  1634.0
-4822.0  ,  -9775.0
6990.0  ,  -7863.0
8540.0  ,  7140.0
-1849.0  ,  8842.0
-9919.0  ,  -996.0
-2905.0  ,  -8326.0
7296.0  ,  -5785.0
6892.0  ,  6633.0
-1246.0  ,  10497.0
-9342.0  ,  1180.0
-4940.0  ,  -8461.0
6652.0  ,  -4932.0
8256.0  ,  4152.0
-1101.0  ,  8778.0
-8999.0  ,  98.0
-3294.0  ,  -8826.0
7408.0  ,  -6913.0
8667.0  ,  4190.0
-1172.0  ,  10643.0
-9965.0  ,  2062.0
-2771.0  ,  -8164.0
7416.0  ,  -6836.0
7859.0  ,  4793.0
-187.0  ,  9360.0
-7744.0  ,  761.0
-2400.0  ,  -9859.0
7364.0  ,  -7173.0
7556.0  ,  4673.0
-2957.0  ,  10042.0
-7466.0  ,  995.0
-4836.0  ,  -9279.0
6966.0  ,  -5552.0
10282.0  ,  4618.0
-1140.0  ,  7262.0
-8804.0  ,  779.0
-3728.0  ,  -9006.0
7789.0  ,  -6462.0
8510.0  ,  4694.0
-2172.0  ,  10088.0
-7989.0  ,  612.0
-3561.0  ,  -10165.0
8382.0  ,  -4789.0
7678.0  ,  5697.0
-1672.0  ,  9256.0
-8806.0  ,  1157.0
-2390.0  ,  -8755.0
8295.0  ,  -5131.0
8796.0  ,  5255.0
-1301.0  ,  8608.0
-9384.0  ,  1134.0
-4111.0  ,  -9303.0
8596.0  ,  -4761.0
8709.0  ,  4591.0
-2999.0  ,  9240.0
-8454.0  ,  1973.0
-2909.0  ,  -8529.0
6694.0  ,  -4947.0
9196.0  ,  5413.0
-2655.0  ,  9950.0
-9359.0  ,  1479.0
-1813.0  ,  -8837.0
8017.0  ,  -4662.0
9325.0  ,  3109.0
-704.0  ,  9323.0
-8471.0  ,  1445.0
-3323.0  ,  -8361.0
7449.0  ,  -6712.0
8955.0  ,  5468.0
-3579.0  ,  8606.0
-9159.0  ,  890.0
-3467.0  ,  -9070.0
8568.0  ,  -7063.0
8091.0  ,  5734.0
-2263.0  ,  11008.0
-8690.0  ,  195.0
-2496.0  ,  -9180.0
7795.0  ,  -6066.0
7761.0  ,  5354.0
-2675.0  ,  10879.0
-10238.0  ,  -268.0
-2455.0  ,  -8329.0
7256.0  ,  -5984.0
9922.0  ,  6125.0
-2449.0  ,  10047.0
-9350.0  ,  1709.0
-3496.0  ,  -9112.0
7785.0  ,  -6500.0
8014.0  ,  5525.0
-1653.0  ,  9186.0
-10449.0  ,  1154.0
-3769.0  ,  -9399.0
8155.0  ,  -5251.0
8798.0  ,  5279.0
-3263.0  ,  9695.0
-9580.0  ,  -66.0
-2786.0  ,  -7856.0
8423.0  ,  -6916.0
8763.0  ,  4978.0
-2859.0  ,  9159.0
-9342.0  ,  1762.0
-2110.0  ,  -8487.0
8770.0  ,  -6806.0
7511.0  ,  4230.0
-3781.0  ,  9211.0
-9524.0  ,  499.0
-2797.0  ,  -8969.0
7188.0  ,  -5163.0
9312.0  ,  4521.0
-1557.0  ,  10190.0
-10627.0  ,  785.0
-3420.0  ,  -9098.0
7629.0  ,  -6029.0
8008.0  ,  4804.0
-2711.0  ,  9950.0
-9645.0  ,  623.0
-3872.0  ,  -8995.0
7136.0  ,  -5832.0
7690.0  ,  4778.0
-1813.0  ,  9886.0
-9416.0  ,  -562.0
-4337.0  ,  -8807.0
7417.0  ,  -5338.0
8149.0  ,  4116.0
-2700.0  ,  8305.0
-10307.0  ,  769.0
-3434.0  ,  -8724.0
7016.0  ,  -7010.0
8353.0  ,  5173.0
-1684.0  ,  8492.0
-10224.0  ,  1160.0
-4307.0  ,  -8900.0
7700.0  ,  -5893.0
7601.0  ,  4657.0
-2380.0  ,  8719.0
-10555.0  ,  795.0
-4454.0  ,  -7913.0
9526.0  ,  -6031.0
8273.0  ,  4530.0
-1509.0  ,  9770.0
-9930.0  ,  500.0
-4510.0  ,  -8925.0
8043.0  ,  -6124.0
7077.0  ,  5182.0
-2653.0  ,  10017.0
-9351.0  ,  1152.0
-5054.0  ,  -9426.0
7985.0  ,  -7394.0
6527.0  ,  4538.0
-1637.0  ,  10415.0
-9421.0  ,  1842.0
-3715.0  ,  -9741.0
9047.0  ,  -6777.0
8695.0  ,  6420.0
-1513.0  ,  8954.0
-10027.0  ,  1004.0
-3505.0  ,  -8176.0
9788.0  ,  -8116.0
8294.0  ,  4874.0
-968.0  ,  9039.0
-9933.0  ,  2049.0
-2607.0  ,  -9019.0
7547.0  ,  -6541.0
8500.0  ,  4919.0
-3742.0  ,  9477.0
-8908.0  ,  100.0
-3243.0  ,  -9596.0
6387.0  ,  -5504.0
8791.0  ,  5321.0
-2757.0  ,  9792.0
-10096.0  ,  -826.0
-3944.0  ,  -7787.0
7585.0  ,  -4989.0
7793.0  ,  7441.0
-2633.0  ,  9733.0
-7886.0  ,  1485.0
-2810.0  ,  -8738.0
6853.0  ,  -5823.0
9607.0  ,  4626.0
-2482.0  ,  9290.0
-9425.0  ,  646.0
-2733.0  ,  -10023.0
7642.0  ,  -5532.0
8518.0  ,  5220.0
-3256.0  ,  7937.0
-7842.0  ,  825.0
-2940.0  ,  -8828.0
5947.0  ,  -3752.0
8251.0  ,  4977.0
-3205.0  ,  9679.0
-7978.0  ,  410.0
-2992.0  ,  -8488.0
6896.0  ,  -6366.0
9093.0  ,  4601.0
-1639.0  ,  9294.0
-9042.0  ,  1022.0
-3264.0  ,  -9312.0
6737.0  ,  -5441.0
9081.0  ,  4775.0
-1455.0  ,  9590.0
-10828.0  ,  -266.0
-2925.0  ,  -8503.0
7621.0  ,  -4967.0
8331.0  ,  4645.0
-3080.0  ,  9471.0
-10061.0  ,  2774.0
-4990.0  ,  -8534.0
7224.0  ,  -5063.0
7872.0  ,  4825.0
-3225.0  ,  9746.0
-9101.0  ,  419.0
-3737.0  ,  -8518.0
6982.0  ,  -4915.0
7928.0  ,  4829.0
-4392.0  ,  10098.0
-9984.0  ,  1014.0
-3094.0  ,  -8352.0
7577.0  ,  -6785.0
8153.0  ,  6018.0
-3087.0  ,  10176.0
-9746.0  ,  -442.0
-3459.0  ,  -7631.0
7264.0  ,  -6538.0
7365.0  ,  5295.0
-2406.0  ,  9286.0
-10235.0  ,  1210.0
-3772.0  ,  -9163.0
6776.0  ,  -6060.0
6835.0  ,  4107.0
-2072.0  ,  8948.0
-9376.0  ,  1171.0
-2781.0  ,  -8420.0
9184.0  ,  -4888.0
8063.0  ,  5660.0
-1958.0  ,  8589.0
-8972.0  ,  590.0
-3581.0  ,  -9473.0
8798.0  ,  -6337.0
8524.0  ,  6834.0
-1591.0  ,  8241.0
-8242.0  ,  473.0
-3551.0  ,  -9115.0
9024.0  ,  -5676.0
9440.0  ,  5360.0
-1743.0  ,  9521.0
-10376.0  ,  600.0
-4263.0  ,  -9187.0
7920.0  ,  -7557.0
8151.0  ,  7024.0
-786.0  ,  8546.0
-9200.0  ,  274.0
-4784.0  ,  -9280.0
8255.0  ,  -5179.0
6508.0  ,  5690.0
-2527.0  ,  9203.0
-9483.0  ,  -452.0
-1885.0  ,  -8279.0
7993.0  ,  -6018.0
9447.0  ,  4753.0
-1665.0  ,  9109.0
-9097.0  ,  850.0
-3158.0  ,  -8802.0
7503.0  ,  -6301.0
8697.0  ,  5380.0
-3431.0  ,  8732.0
-8064.0  ,  423.0
-3577.0  ,  -8233.0
7031.0  ,  -7255.0
8200.0  ,  4264.0
-3070.0  ,  9864.0
-10223.0  ,  107.0
-3356.0  ,  -8797.0
8884.0  ,  -6814.0
7559.0  ,  6106.0
-1918.0  ,  9658.0
-10039.0  ,  1887.0
-3498.0  ,  -8428.0
7678.0  ,  -6512.0
7790.0  ,  4306.0
-2180.0  ,  8241.0
-7867.0  ,  523.0
-2853.0  ,  -8611.0
7460.0  ,  -6311.0
7864.0  ,  5660.0
-2594.0  ,  10061.0
-9754.0  ,  1140.0
-3029.0  ,  -7800.0
8635.0  ,  -5467.0
8176.0  ,  4040.0
-1451.0  ,  9183.0
-9512.0  ,  305.0
-3656.0  ,  -8600.0
7777.0  ,  -5208.0
9111.0  ,  5147.0
-1488.0  ,  9670.0
-10061.0  ,  -156.0
-4487.0  ,  -9084.0
7464.0  ,  -7731.0
9591.0  ,  4748.0
-2533.0  ,  9789.0
-8620.0  ,  789.0
-2427.0  ,  -9768.0
7190.0  ,  -6510.0
7787.0  ,  4962.0
-2588.0  ,  9119.0
-9626.0  ,  2039.0
-3902.0  ,  -8590.0
9025.0  ,  -6028.0
7869.0  ,  3997.0
-4256.0  ,  9670.0
-9246.0  ,  650.0
-4647.0  ,  -8351.0
8030.0  ,  -6307.0
9318.0  ,  4441.0
-2066.0  ,  9628.0
-9723.0  ,  -1134.0
-4132.0  ,  -8674.0
7570.0  ,  -7013.0
8168.0  ,  5085.0
-2137.0  ,  10843.0
-9502.0  ,  2145.0
-3674.0  ,  -6789.0
6832.0  ,  -7105.0
8663.0  ,  3251.0
-913.0  ,  9239.0
-10093.0  ,  579.0
-3190.0  ,  -7234.0
7812.0  ,  -6958.0
8611.0  ,  5714.0
-1027.0  ,  9404.0
-11909.0  ,  1726.0
-3233.0  ,  -8163.0
7306.0  ,  -6758.0
9162.0  ,  4852.0
-1398.0  ,  10307.0
-8236.0  ,  1425.0
-3100.0  ,  -9013.0
7653.0  ,  -4984.0
7200.0  ,  3707.0
-2852.0  ,  8949.0
-8446.0  ,  1127.0
-2612.0  ,  -8381.0
8546.0  ,  -5307.0
9245.0  ,  5946.0
-1912.0  ,  10041.0
-10221.0  ,  1699.0
-3921.0  ,  -9856.0
6512.0  ,  -5944.0
8604.0  ,  5040.0
-2038.0  ,  10108.0
-9668.0  ,  1291.0
-4298.0  ,  -8292.0
7476.0  ,  -6583.0
8640.0  ,  5578.0
-1395.0  ,  10711.0
-9729.0  ,  722.0
-3365.0  ,  -8799.0
6407.0  ,  -6293.0
8271.0  ,  6199.0
-1441.0  ,  7998.0
-9851.0  ,  2776.0
-2192.0  ,  -8806.0
7118.0  ,  -5268.0
7340.0  ,  4629.0
-3164.0  ,  8871.0
-8966.0  ,  1184.0
-3930.0  ,  -9106.0
7925.0  ,  -6782.0
8192.0  ,  6393.0
-2914.0  ,  8169.0
-9899.0  ,  -901.0
-3243.0  ,  -8182.0
8268.0  ,  -5393.0
9071.0  ,  4669.0
-2270.0  ,  8639.0
-9693.0  ,  752.0
-2889.0  ,  -9715.0
7495.0  ,  -7460.0
8297.0  ,  4954.0
-870.0  ,  10218.0
-9403.0  ,  1382.0
-3477.0  ,  -8854.0
5615.0  ,  -6250.0
9266.0  ,  5069.0
-2053.0  ,  10198.0
-9707.0  ,  1501.0
-3047.0  ,  -8124.0
7711.0  ,  -6606.0
8522.0  ,  4959.0
-3120.0  ,  9668.0
-9387.0  ,  1652.0
-3793.0  ,  -8328.0
7103.0  ,  -6297.0
7298.0  ,  5212.0
-1533.0  ,  10294.0
-11195.0  ,  164.0
-4048.0  ,  -8935.0
7196.0  ,  -6041.0
9879.0  ,  5597.0
-1193.0  ,  10334.0
-11094.0  ,  447.0
-3828.0  ,  -8477.0
7514.0  ,  -6384.0
8193.0  ,  4665.0
-3710.0  ,  8609.0
-9063.0  ,  2141.0
-3087.0  ,  -8533.0
6690.0  ,  -7411.0
9210.0  ,  4802.0
-3819.0  ,  8599.0
-10047.0  ,  2192.0
-2361.0  ,  -8210.0
6576.0  ,  -6197.0
7956.0  ,  5621.0
-1598.0  ,  8300.0
-7201.0  ,  116.0
-2716.0  ,  -7903.0
8075.0  ,  -5813.0
7296.0  ,  5981.0
-306.0  ,  10086.0
-9280.0  ,  625.0
-3307.0  ,  -7798.0
6788.0  ,  -8308.0
8846.0  ,  5139.0
-1894.0  ,  7595.0
-9143.0  ,  2085.0
-3182.0  ,  -9117.0
7188.0  ,  -6678.0
8575.0  ,  5468.0
-2765.0  ,  8904.0
-10291.0  ,  -199.0
-2785.0  ,  -9532.0
8476.0  ,  -5477.0
7584.0  ,  5868.0
-2144.0  ,  11024.0
-10939.0  ,  958.0
-2644.0  ,  -6604.0
7994.0  ,  -5205.0
7889.0  ,  3819.0
-2585.0  ,  9473.0
-8975.0  ,  1213.0
-4357.0  ,  -10560.0
6258.0  ,  -5351.0
8357.0  ,  4655.0
-2363.0  ,  10473.0
-10859.0  ,  1171.0
-2571.0  ,  -8786.0
9273.0  ,  -5185.0
8417.0  ,  3974.0
-1437.0  ,  10730.0
-8587.0  ,  578.0
-5585.0  ,  -8323.0
7843.0  ,  -5657.0
8736.0  ,  4441.0
-3268.0  ,  9857.0
-10314.0  ,  -28.0
-3307.0  ,  -8748.0
7446.0  ,  -7111.0
8538.0  ,  5282.0
-111.0  ,  9571.0
-10014.0  ,  1601.0
-3421.0  ,  -9300.0
7334.0  ,  -6014.0
7419.0  ,  6077.0
-1847.0  ,  9710.0
-9291.0  ,  117.0
-4601.0  ,  -8620.0
7794.0  ,  -7333.0
8036.0  ,  6178.0
-2169.0  ,  9243.0
-10355.0  ,  2127.0
-2720.0  ,  -9915.0
7871.0  ,  -6783.0
7710.0  ,  5822.0
-2132.0  ,  9026.0
-8958.0  ,  1092.0
-3839.0  ,  -7423.0
7217.0  ,  -6371.0
9344.0  ,  5271.0
-1680.0  ,  10637.0
-9465.0  ,  872.0
-3619.0  ,  -8766.0
7932.0  ,  -7408.0
9459.0  ,  3260.0
-1014.0  ,  10359.0
-9400.0  ,  948.0
-2995.0  ,  -8894.0
8729.0  ,  -5494.0
7675.0  ,  4177.0
-2905.0  ,  9246.0
-9514.0  ,  1635.0
-3138.0  ,  -8925.0
7625.0  ,  -5020.0
7629.0  ,  5332.0
-3948.0  ,  10364.0
-9713.0  ,  898.0
-3267.0  ,  -6999.0
6575.0  ,  -5392.0
7382.0  ,  4464.0
-2084.0  ,  9350.0
-10202.0  ,  950.0
-3859.0  ,  -8501.0
7178.0  ,  -7346.0
8381.0  ,  5466.0
-1906.0  ,  8939.0
-10279.0  ,  955.0
-2881.0  ,  -9590.0
8474.0  ,  -7172.0
10175.0  ,  4944.0
-1824.0  ,  8570.0
-10510.0  ,  59.0
-3114.0  ,  -9455.0
7472.0  ,  -7572.0
9442.0  ,  6334.0
-2546.0  ,  9346.0
-9394.0  ,  1329.0
-4005.0  ,  -8239.0
8029.0  ,  -6629.0
7884.0  ,  5703.0
-2891.0  ,  8522.0
-9804.0  ,  1005.0
-3082.0  ,  -8232.0
7650.0  ,  -6965.0
8264.0  ,  5239.0
-1660.0  ,  10087.0
-10332.0  ,  1425.0
-2946.0  ,  -8061.0
7650.0  ,  -5457.0
8971.0  ,  5353.0
-2852.0  ,  8426.0
-10419.0  ,  695.0
-4017.0  ,  -9343.0
6482.0  ,  -6613.0
8477.0  ,  5628.0
-1434.0  ,  8984.0
-7842.0  ,  806.0
-1831.0  ,  -8250.0
6960.0  ,  -6481.0
8565.0  ,  5526.0
-1100.0  ,  9901.0
-9141.0  ,  1436.0
-4782.0  ,  -8939.0
6732.0  ,  -5707.0
8081.0  ,  5039.0
-305.0  ,  10128.0
-10806.0  ,  366.0
-2808.0  ,  -9729.0
8786.0  ,  -6533.0
8366.0  ,  4102.0
-1395.0  ,  9593.0
-8808.0  ,  640.0
-1811.0  ,  -8777.0
5656.0  ,  -7419.0
7436.0  ,  4287.0
-3380.0  ,  8453.0
-9775.0  ,  663.0
-3417.0  ,  -7951.0
7828.0  ,  -7400.0
8310.0  ,  4681.0
-2175.0  ,  8846.0
-8463.0  ,  890.0
-4740.0  ,  -8611.0
8229.0  ,  -8302.0
9909.0  ,  5172.0
-2233.0  ,  9860.0
-10105.0  ,  1001.0
-4070.0  ,  -7726.0
4164.0  ,  -7710.0
3971.0  ,  6369.0
-3654.0  ,  2986.0
1462.0  ,  -971.0
680.0  ,  -1199.0
-2020.0  ,  -998.0
3927.0  ,  -2191.0
2904.0  ,  4610.0
-1303.0  ,  -811.0
938.0  ,  -1973.0
-396.0  ,  -572.0
322.0  ,  -599.0
824.0  ,  723.0
-640.0  ,  -500.0
-237.0  ,  90.0
1302.0  ,  -963.0
1423.0  ,  894.0
785.0  ,  2276.0
606.0  ,  641.0
-2259.0  ,  -533.0
-807.0  ,  -1294.0
526.0  ,  764.0
508.0  ,  -232.0
847.0  ,  1146.0
-1240.0  ,  1774.0
-1816.0  ,  -1529.0
227.0  ,  -1273.0
1608.0  ,  -1203.0
1316.0  ,  15.0
750.0  ,  966.0
-1431.0  ,  1267.0
-1693.0  ,  -242.0
-678.0  ,  -2803.0
1007.0  ,  384.0
1339.0  ,  208.0
282.0  ,  121.0
-260.0  ,  543.0
-8.0  ,  -91.0
-945.0  ,  61.0
-1273.0  ,  -1434.0
786.0  ,  1301.0
907.0  ,  979.0
-1441.0  ,  977.0
-146.0  ,  731.0
990.0  ,  -707.0
201.0  ,  1149.0
445.0  ,  -445.0
598.0  ,  809.0
1862.0  ,  1589.0
-363.0  ,  13.0
-334.0  ,  1446.0
864.0  ,  -591.0
-392.0  ,  694.0
-722.0  ,  -1308.0
-184.0  ,  -515.0
603.0  ,  1000.0
684.0  ,  132.0
839.0  ,  -340.0
-149.0  ,  196.0
-2226.0  ,  447.0
-48.0  ,  -1576.0
-526.0  ,  -13.0
-152.0  ,  1479.0
1501.0  ,  67.0
-488.0  ,  1391.0
-395.0  ,  -83.0
926.0  ,  794.0
299.0  ,  938.0
1500.0  ,  1141.0
187.0  ,  1186.0
-126.0  ,  1404.0
-646.0  ,  -460.0
382.0  ,  307.0
-124.0  ,  202.0
757.0  ,  192.0
42.0  ,  -250.0
21.0  ,  858.0
