-34736.0  ,  -25962.0
-28540.0  ,  -53662.0
-46181.0  ,  -24565.0
-6942.0  ,  -63017.0
-16018.0  ,  -20324.0
-3341.0  ,  -35523.0
-21903.0  ,  -34514.0
-31987.0  ,  -58714.0
-8049.0  ,  -30142.0
-54599.0  ,  -40008.0
-20060.0  ,  -32862.0
5721.0  ,  -39369.0
-20505.0  ,  -66607.0
-25856.0  ,  -50142.0
-17876.0  ,  -54727.0
-18084.0  ,  -17780.0
-38411.0  ,  -49790.0
-40142.0  ,  -34690.0
-29745.0  ,  -29446.0
-13008.0  ,  -37382.0
-63107.0  ,  -6651.0
-35097.0  ,  -29687.0
-35871.0  ,  -197.0
-33416.0  ,  -5216.0
-22981.0  ,  -13973.0
-11515.0  ,  2060.0
-43980.0  ,  -21659.0
-52622.0  ,  23415.0
-40399.0  ,  -27353.0
-44473.0  ,  -25841.0
-42560.0  ,  -30391.0
-37116.0  ,  1727.0
-46626.0  ,  18803.0
-54771.0  ,  -37225.0
-45457.0  ,  3908.0
-45498.0  ,  -16745.0
-30116.0  ,  -7171.0
-8143.0  ,  -14043.0
-10676.0  ,  -22642.0
-76374.0  ,  9710.0
-23638.0  ,  5272.0
-7052.0  ,  28200.0
-21752.0  ,  30106.0
-15840.0  ,  17274.0
-43239.0  ,  24239.0
-38961.0  ,  11176.0
-42981.0  ,  30206.0
-55738.0  ,  25123.0
-46097.0  ,  40250.0
-56696.0  ,  25042.0
-14402.0  ,  -2116.0
-17648.0  ,  17393.0
-28029.0  ,  16243.0
-26020.0  ,  42582.0
-15005.0  ,  37750.0
-42709.0  ,  46686.0
-15646.0  ,  5602.0
-14830.0  ,  31208.0
-1000.0  ,  23420.0
-15872.0  ,  29646.0
-55436.0  ,  9036.0
5353.0  ,  47157.0
-33660.0  ,  57236.0
-16449.0  ,  36044.0
-42985.0  ,  18782.0
-31391.0  ,  59246.0
-29863.0  ,  54225.0
-13926.0  ,  38664.0
2124.0  ,  80499.0
-25024.0  ,  4621.0
-21664.0  ,  39079.0
-13991.0  ,  63069.0
-13461.0  ,  56233.0
7335.0  ,  45812.0
-396.0  ,  66619.0
-6172.0  ,  35746.0
33823.0  ,  36380.0
2282.0  ,  71196.0
8007.0  ,  32541.0
5474.0  ,  46065.0
29560.0  ,  27006.0
22704.0  ,  37273.0
22684.0  ,  55651.0
-5771.0  ,  56250.0
23851.0  ,  35888.0
37079.0  ,  44426.0
8403.0  ,  49570.0
28139.0  ,  27514.0
1139.0  ,  38111.0
31867.0  ,  34529.0
20294.0  ,  33899.0
38240.0  ,  33113.0
33127.0  ,  51110.0
17500.0  ,  25665.0
34410.0  ,  8735.0
20849.0  ,  21828.0
30053.0  ,  33311.0
34077.0  ,  47464.0
27723.0  ,  14462.0
39067.0  ,  -10869.0
32203.0  ,  24598.0
71807.0  ,  39564.0
24376.0  ,  39183.0
62316.0  ,  61862.0
3819.0  ,  13487.0
52690.0  ,  17905.0
92465.0  ,  870.0
38636.0  ,  16488.0
46528.0  ,  21373.0
48538.0  ,  633.0
26581.0  ,  -4211.0
39203.0  ,  19342.0
54279.0  ,  3939.0
41802.0  ,  35811.0
24015.0  ,  1123.0
28673.0  ,  -6329.0
28788.0  ,  9950.0
23095.0  ,  6446.0
41023.0  ,  17482.0
45157.0  ,  -498.0
60788.0  ,  -11679.0
28898.0  ,  1594.0
34122.0  ,  -12049.0
37318.0  ,  -44632.0
28146.0  ,  12182.0
37384.0  ,  148.0
33730.0  ,  -12627.0
25787.0  ,  -9504.0
20583.0  ,  -26562.0
33609.0  ,  -7549.0
48277.0  ,  6569.0
47435.0  ,  -37734.0
45537.0  ,  -17071.0
19282.0  ,  -31918.0
48746.0  ,  -15186.0
25964.0  ,  -12269.0
34667.0  ,  -40004.0
11758.0  ,  -25596.0
20569.0  ,  -53876.0
27326.0  ,  -41291.0
14453.0  ,  -39860.0
-8481.0  ,  -55681.0
21686.0  ,  -22302.0
22073.0  ,  -39044.0
22732.0  ,  -25270.0
2653.0  ,  -46909.0
25564.0  ,  -33226.0
-5159.0  ,  -42219.0
-28717.0  ,  -51272.0
18001.0  ,  -42534.0
-6140.0  ,  -51476.0
3289.0  ,  -29774.0
-12836.0  ,  -23319.0
18906.0  ,  -51783.0
43353.0  ,  -25221.0
3292.0  ,  -57930.0
-6066.0  ,  -44053.0
6569.0  ,  -83794.0
6133.0  ,  -48973.0
-8399.0  ,  -71724.0
-8454.0  ,  -44315.0
-22732.0  ,  -52120.0
-2331.0  ,  -62685.0
-20421.0  ,  -63741.0
1590.0  ,  -35868.0
-10385.0  ,  -36933.0
-41528.0  ,  -45490.0
-30472.0  ,  -37180.0
-18917.0  ,  -48485.0
-26387.0  ,  -34389.0
-27862.0  ,  -52100.0
-19041.0  ,  -44821.0
-30110.0  ,  -30043.0
-16068.0  ,  -43901.0
3159.0  ,  -29061.0
-8974.0  ,  -28221.0
-60300.0  ,  -18349.0
-16062.0  ,  -37201.0
-34544.0  ,  -30418.0
763.0  ,  -17421.0
-38474.0  ,  -42653.0
-12589.0  ,  -21422.0
-57055.0  ,  -43704.0
-14034.0  ,  -23408.0
-55076.0  ,  -24456.0
-22815.0  ,  -30661.0
-50768.0  ,  -2871.0
-47213.0  ,  -18421.0
-23906.0  ,  -33809.0
-78395.0  ,  -6178.0
-29609.0  ,  -27404.0
-49009.0  ,  -23170.0
-62457.0  ,  -13301.0
-37716.0  ,  -8261.0
-35790.0  ,  8323.0
-35860.0  ,  -14119.0
-57128.0  ,  -3918.0
-77737.0  ,  2386.0
-41731.0  ,  -2153.0
-30963.0  ,  -12795.0
-26289.0  ,  27999.0
-34203.0  ,  39661.0
-76616.0  ,  -10650.0
-40476.0  ,  -17715.0
-44378.0  ,  -21184.0
-32699.0  ,  -2009.0
-20400.0  ,  38362.0
3183.0  ,  23929.0
-21343.0  ,  9276.0
-49188.0  ,  13757.0
-65873.0  ,  -5687.0
-53503.0  ,  29270.0
-55243.0  ,  25390.0
-22373.0  ,  6332.0
-46734.0  ,  17054.0
-57102.0  ,  27931.0
-19426.0  ,  42743.0
-40703.0  ,  67913.0
-19427.0  ,  47610.0
1833.0  ,  51582.0
-30695.0  ,  25502.0
3111.0  ,  20288.0
-4697.0  ,  33554.0
-7114.0  ,  22670.0
-38465.0  ,  12097.0
-9636.0  ,  16096.0
-30395.0  ,  29778.0
-50041.0  ,  56503.0
-5292.0  ,  53257.0
-7953.0  ,  49579.0
-35591.0  ,  57186.0
-20423.0  ,  48392.0
-12238.0  ,  51083.0
-18365.0  ,  51884.0
-22182.0  ,  70491.0
-9119.0  ,  21308.0
11095.0  ,  56094.0
-36573.0  ,  26040.0
9300.0  ,  43183.0
-9979.0  ,  50567.0
31691.0  ,  52966.0
9287.0  ,  59726.0
-6757.0  ,  73498.0
22667.0  ,  55498.0
-10872.0  ,  50373.0
28049.0  ,  16102.0
25207.0  ,  58094.0
7884.0  ,  47546.0
-2220.0  ,  48955.0
5979.0  ,  47786.0
27871.0  ,  32838.0
39494.0  ,  29265.0
18309.0  ,  45403.0
10565.0  ,  21851.0
19101.0  ,  33506.0
2459.0  ,  29022.0
-23.0  ,  56807.0
37576.0  ,  23611.0
27370.0  ,  43934.0
30854.0  ,  45376.0
45042.0  ,  27309.0
-3100.0  ,  33675.0
49020.0  ,  25050.0
27557.0  ,  38351.0
43600.0  ,  17881.0
58561.0  ,  16657.0
36733.0  ,  31919.0
43873.0  ,  53382.0
38456.0  ,  32347.0
26122.0  ,  24027.0
65478.0  ,  18088.0
55494.0  ,  36801.0
65757.0  ,  45982.0
40005.0  ,  2498.0
19195.0  ,  14653.0
35802.0  ,  18398.0
45165.0  ,  853.0
26711.0  ,  -25264.0
59554.0  ,  24065.0
18065.0  ,  -2340.0
53554.0  ,  22838.0
44606.0  ,  8087.0
41342.0  ,  -22508.0
43312.0  ,  -18738.0
31594.0  ,  -10104.0
43679.0  ,  -24429.0
18749.0  ,  -335.0
61239.0  ,  -20622.0
71440.0  ,  -28635.0
74263.0  ,  -27014.0
50151.0  ,  -32150.0
56689.0  ,  7544.0
40767.0  ,  -18462.0
35016.0  ,  -28428.0
39574.0  ,  -24602.0
28105.0  ,  -16224.0
17980.0  ,  -5432.0
66553.0  ,  -50451.0
52574.0  ,  -42223.0
6702.0  ,  -52862.0
24331.0  ,  -39203.0
41783.0  ,  -48805.0
36310.0  ,  -32117.0
11995.0  ,  -36399.0
30372.0  ,  -10042.0
36379.0  ,  -19806.0
5602.0  ,  -51562.0
18796.0  ,  -15189.0
12616.0  ,  -49206.0
24456.0  ,  -22424.0
40496.0  ,  -50871.0
52182.0  ,  -37179.0
4478.0  ,  -36668.0
15712.0  ,  -34162.0
26797.0  ,  -56723.0
-1407.0  ,  -67110.0
28701.0  ,  -65919.0
15544.0  ,  -40587.0
-4254.0  ,  -38771.0
-6870.0  ,  -50020.0
29698.0  ,  -29032.0
-32599.0  ,  -56750.0
-6979.0  ,  -67809.0
274.0  ,  -54583.0
-4159.0  ,  -57956.0
1423.0  ,  -48769.0
11779.0  ,  -54566.0
15036.0  ,  -37729.0
-2701.0  ,  -46454.0
-13959.0  ,  -56803.0
-7553.0  ,  -71213.0
4142.0  ,  -38738.0
-9119.0  ,  -45852.0
-23136.0  ,  -47806.0
-5415.0  ,  -51667.0
-7827.0  ,  -20447.0
-27573.0  ,  -15520.0
-19591.0  ,  -51887.0
-22132.0  ,  -22100.0
-37423.0  ,  -45084.0
-28738.0  ,  -24049.0
-57979.0  ,  -50438.0
-29456.0  ,  -37380.0
-35217.0  ,  -60912.0
-18864.0  ,  -39920.0
-17073.0  ,  -40009.0
-33757.0  ,  -37229.0
-56372.0  ,  -36562.0
-35156.0  ,  -64160.0
-75946.0  ,  -38620.0
-50265.0  ,  6782.0
-49153.0  ,  814.0
-75445.0  ,  -28381.0
-37108.0  ,  -42500.0
-64248.0  ,  -62059.0
-24713.0  ,  -4749.0
-36486.0  ,  -9255.0
-51091.0  ,  -19263.0
-64301.0  ,  -29661.0
-42470.0  ,  -8336.0
-41250.0  ,  -374.0
-51644.0  ,  -19674.0
-55611.0  ,  6857.0
-43704.0  ,  -21196.0
-23987.0  ,  -24921.0
-36711.0  ,  11322.0
-40535.0  ,  -9827.0
-61760.0  ,  -1774.0
-41103.0  ,  5176.0
-11571.0  ,  11608.0
-51230.0  ,  14380.0
-41546.0  ,  3118.0
-45938.0  ,  61747.0
-44208.0  ,  44763.0
-43981.0  ,  95.0
-55512.0  ,  16101.0
-49218.0  ,  2709.0
-32728.0  ,  31721.0
-33484.0  ,  22333.0
-45110.0  ,  -9627.0
-32342.0  ,  38005.0
-26307.0  ,  5091.0
-55493.0  ,  47567.0
-49286.0  ,  26658.0
-38531.0  ,  48221.0
-58652.0  ,  71071.0
-19355.0  ,  50577.0
-42964.0  ,  29627.0
-71957.0  ,  34528.0
-48424.0  ,  47377.0
-23816.0  ,  68675.0
-19183.0  ,  69743.0
3446.0  ,  17972.0
-47681.0  ,  57286.0
-12620.0  ,  23748.0
-20051.0  ,  24545.0
-998.0  ,  42773.0
-5227.0  ,  46021.0
-32624.0  ,  32148.0
-10025.0  ,  54651.0
1301.0  ,  57123.0
23133.0  ,  34678.0
-4211.0  ,  74991.0
-8070.0  ,  35910.0
-771.0  ,  31864.0
-3959.0  ,  52522.0
8489.0  ,  29995.0
12216.0  ,  45075.0
-5650.0  ,  57144.0
-13194.0  ,  53518.0
18013.0  ,  42052.0
7505.0  ,  54707.0
23197.0  ,  46197.0
15934.0  ,  54041.0
15938.0  ,  22396.0
18343.0  ,  31572.0
2911.0  ,  15520.0
4334.0  ,  44834.0
43719.0  ,  17229.0
4574.0  ,  35087.0
15074.0  ,  35174.0
69778.0  ,  51815.0
29229.0  ,  58325.0
20487.0  ,  22345.0
45763.0  ,  65707.0
66778.0  ,  4015.0
25854.0  ,  16743.0
41592.0  ,  23321.0
28014.0  ,  50940.0
15994.0  ,  32474.0
59634.0  ,  38784.0
36906.0  ,  27028.0
37004.0  ,  22998.0
41038.0  ,  33004.0
50963.0  ,  2596.0
43777.0  ,  34863.0
34825.0  ,  35756.0
32689.0  ,  24077.0
45344.0  ,  14775.0
58545.0  ,  36496.0
40297.0  ,  -25603.0
63028.0  ,  -11974.0
72622.0  ,  40864.0
27967.0  ,  -37965.0
38550.0  ,  -13747.0
37527.0  ,  -13809.0
41207.0  ,  -5945.0
48381.0  ,  -17597.0
70057.0  ,  -9316.0
75798.0  ,  -9662.0
29752.0  ,  8751.0
44770.0  ,  16402.0
44776.0  ,  -1672.0
23245.0  ,  -11107.0
45629.0  ,  -16868.0
59752.0  ,  -7928.0
24604.0  ,  -19506.0
45079.0  ,  -12158.0
27420.0  ,  -2906.0
34758.0  ,  -22654.0
40972.0  ,  -7396.0
38317.0  ,  -42954.0
39158.0  ,  -33649.0
18652.0  ,  -34754.0
7384.0  ,  -14278.0
88256.0  ,  -68806.0
86920.0  ,  -78211.0
74832.0  ,  57910.0
-55016.0  ,  123565.0
-133353.0  ,  -141528.0
84661.0  ,  -225090.0
193748.0  ,  -169222.0
26755.0  ,  42901.0
-205029.0  ,  -13919.0
-263328.0  ,  -328724.0
184111.0  ,  -455702.0
488635.0  ,  65922.0
47031.0  ,  589300.0
-549623.0  ,  166562.0
-329646.0  ,  -529818.0
362069.0  ,  -533163.0
543312.0  ,  145814.0
-28912.0  ,  565505.0
-541192.0  ,  131094.0
-311410.0  ,  -524619.0
362601.0  ,  -468389.0
523142.0  ,  192056.0
-11773.0  ,  508396.0
-545160.0  ,  102639.0
-317000.0  ,  -524311.0
354838.0  ,  -503018.0
545139.0  ,  148842.0
-21926.0  ,  541024.0
-559609.0  ,  144621.0
-337264.0  ,  -509869.0
341574.0  ,  -521619.0
542668.0  ,  122199.0
-45262.0  ,  545974.0
-566326.0  ,  152126.0
-383588.0  ,  -594775.0
411168.0  ,  -369455.0
447158.0  ,  -56241.0
117609.0  ,  961462.0
-842693.0  ,  -532760.0
34908.0  ,  518678.0
-289127.0  ,  -2158794.0
1544590.0  ,  2748592.0
-1608350.0  ,  -3423529.0
1321843.0  ,  5529378.0
-2860802.0  ,  -7687086.0
3154810.0  ,  9028089.0
-2596466.0  ,  -11256528.0
2695296.0  ,  12990492.0
-1221815.0  ,  -11499505.0
-3955832.0  ,  7200247.0
12037299.0  ,  2168620.0
-26367476.0  ,  -22146729.0
45473674.0  ,  45227281.0
-58222328.0  ,  -59876006.0
58472549.0  ,  59583383.0
-62762885.0  ,  -49837596.0
71028094.0  ,  59024570.0
9217141.0  ,  -12017366.0
-2800473.0  ,  85485253.0
-104705969.0  ,  -61211892.0
1533316.0  ,  -90454770.0
87513947.0  ,  -38431975.0
62480682.0  ,  79902469.0
-42900089.0  ,  84420818.0
-93558562.0  ,  -7884523.0
-18886116.0  ,  -93062669.0
78067214.0  ,  -46508940.0
67997331.0  ,  55807496.0
-31805344.0  ,  81823196.0
-83338287.0  ,  -4622492.0
-21971708.0  ,  -78573912.0
65421968.0  ,  -46364718.0
62336656.0  ,  42893794.0
-22149193.0  ,  71075956.0
-72916873.0  ,  709559.0
-23201529.0  ,  -66199232.0
53832662.0  ,  -41331406.0
54562068.0  ,  36937588.0
-17920610.0  ,  61879910.0
-62727372.0  ,  2088863.0
-20613547.0  ,  -57877203.0
47794764.0  ,  -36462326.0
48656816.0  ,  33814016.0
-17577618.0  ,  55586615.0
-57487137.0  ,  -60502.0
-17466289.0  ,  -53936005.0
45228308.0  ,  -32437314.0
44579291.0  ,  33494161.0
-18374231.0  ,  52381578.0
-55253810.0  ,  -1692766.0
-14894884.0  ,  -52768956.0
45758964.0  ,  -30239425.0
42823716.0  ,  34779677.0
-20090405.0  ,  51252851.0
-54972729.0  ,  -3688200.0
-13008418.0  ,  -53622380.0
47569913.0  ,  -29069857.0
42396594.0  ,  37005462.0
-22315065.0  ,  51952976.0
-56450619.0  ,  -5692099.0
-11739920.0  ,  -55879240.0
50405682.0  ,  -28651118.0
42763948.0  ,  39394814.0
-24493539.0  ,  53098078.0
-58371533.0  ,  -7524511.0
-10937882.0  ,  -58411605.0
52955671.0  ,  -28668339.0
43750490.0  ,  41639476.0
-26674546.0  ,  54791379.0
-60576788.0  ,  -8915110.0
-10463796.0  ,  -60948178.0
55147576.0  ,  -28789178.0
44655475.0  ,  43681657.0
-28424851.0  ,  56070961.0
-62443186.0  ,  -9732495.0
-10349546.0  ,  -63118207.0
57039330.0  ,  -29279679.0
45657070.0  ,  45591469.0
-29689329.0  ,  57462820.0
-64102320.0  ,  -10232601.0
-10109649.0  ,  -64674056.0
58415084.0  ,  -29604209.0
46369597.0  ,  46902098.0
-30328873.0  ,  58666750.0
-65688525.0  ,  -10544202.0
-10078746.0  ,  -66058155.0
59809568.0  ,  -30118212.0
47003339.0  ,  47821249.0
-30860358.0  ,  59505486.0
-66729030.0  ,  -10905850.0
-10137265.0  ,  -66933411.0
60788273.0  ,  -30610625.0
47676170.0  ,  48429357.0
-31263370.0  ,  60567144.0
-67748192.0  ,  -11287794.0
-10306320.0  ,  -67847426.0
61337969.0  ,  -30700741.0
48025568.0  ,  48972072.0
-31653618.0  ,  61358737.0
-68402120.0  ,  -11352845.0
-10614527.0  ,  -68534916.0
62029986.0  ,  -30972862.0
48648951.0  ,  49505039.0
-32260279.0  ,  62084631.0
-68833443.0  ,  -11380475.0
-10523524.0  ,  -68961510.0
62634816.0  ,  -31041892.0
49205759.0  ,  49889935.0
-32477980.0  ,  62564371.0
-69360189.0  ,  -11330280.0
-10406173.0  ,  -69728104.0
63170334.0  ,  -31185979.0
49624687.0  ,  50449465.0
-32632303.0  ,  62738534.0
-69759748.0  ,  -11546426.0
-10141893.0  ,  -70137259.0
63466126.0  ,  -31504739.0
50069042.0  ,  50815110.0
-32907651.0  ,  63185042.0
-70384349.0  ,  -11927957.0
-10039025.0  ,  -70535553.0
63857246.0  ,  -31748878.0
50130607.0  ,  51174083.0
-33103146.0  ,  63333408.0
-70657138.0  ,  -12262428.0
-10317576.0  ,  -70843741.0
64400961.0  ,  -32005170.0
50225292.0  ,  51620115.0
-33497840.0  ,  63698573.0
-70798495.0  ,  -12454222.0
-10235120.0  ,  -71032890.0
64772395.0  ,  -31993810.0
50219619.0  ,  51726958.0
-33746067.0  ,  64057282.0
-71060655.0  ,  -12390774.0
-10304797.0  ,  -71545558.0
65248015.0  ,  -31870269.0
50455482.0  ,  51980355.0
-33907920.0  ,  63866581.0
-71063940.0  ,  -12621865.0
-10340422.0  ,  -71873640.0
65369287.0  ,  -31888844.0
50710009.0  ,  52116677.0
-34111416.0  ,  63970611.0
-71390795.0  ,  -12645612.0
-10099495.0  ,  -72329348.0
65275739.0  ,  -31921361.0
50431784.0  ,  52184601.0
-34344087.0  ,  64014865.0
-71764765.0  ,  -12534333.0
-10104109.0  ,  -72376107.0
65370270.0  ,  -32074037.0
50505125.0  ,  52526738.0
-34441316.0  ,  64077991.0
-72034957.0  ,  -12726046.0
-10143542.0  ,  -72134739.0
65441714.0  ,  -31986578.0
50436244.0  ,  52731726.0
-34255625.0  ,  64325041.0
-72115870.0  ,  -12684174.0
-10201632.0  ,  -72294961.0
65718731.0  ,  -31868627.0
50329924.0  ,  52742568.0
-34235035.0  ,  64462737.0
-71979862.0  ,  -12691063.0
-10166493.0  ,  -72238804.0
65839171.0  ,  -31762572.0
50595648.0  ,  52527928.0
-34311872.0  ,  64714188.0
-72075949.0  ,  -12819293.0
-10050990.0  ,  -72388504.0
65744122.0  ,  -31644145.0
50565201.0  ,  52401662.0
-34351379.0  ,  64647447.0
-71855500.0  ,  -12798233.0
-10108323.0  ,  -72565503.0
65610971.0  ,  -31825860.0
50788087.0  ,  52586243.0
-34582114.0  ,  64631909.0
-71957937.0  ,  -12732546.0
-9931076.0  ,  -72256731.0
65501017.0  ,  -31738681.0
50964565.0  ,  52620494.0
-34513625.0  ,  64553240.0
-72124714.0  ,  -12625662.0
-9899092.0  ,  -72214118.0
65590012.0  ,  -31859952.0
50906212.0  ,  52916673.0
-34242623.0  ,  64454726.0
-71748957.0  ,  -12731945.0
-9877552.0  ,  -72236315.0
65762541.0  ,  -32181507.0
50822134.0  ,  52814760.0
-34171061.0  ,  64571554.0
-71816640.0  ,  -12921599.0
-9864870.0  ,  -72223234.0
65933655.0  ,  -32140621.0
50685449.0  ,  52453359.0
-34200334.0  ,  64469586.0
-71900188.0  ,  -12981290.0
-10164685.0  ,  -72328543.0
65865863.0  ,  -32134179.0
50798095.0  ,  52483869.0
-34460764.0  ,  64416002.0
-71760008.0  ,  -13052477.0
-10308692.0  ,  -72370830.0
65685523.0  ,  -32068494.0
50784029.0  ,  52485827.0
-34579107.0  ,  64406504.0
-71827638.0  ,  -12705255.0
-10302325.0  ,  -72561237.0
65783599.0  ,  -32045150.0
50635770.0  ,  52634489.0
-34525081.0  ,  64274196.0
-71811088.0  ,  -12566543.0
-10213116.0  ,  -72522799.0
65650413.0  ,  -31967206.0
50772096.0  ,  52755988.0
-34348360.0  ,  64328094.0
-72065959.0  ,  -12644728.0
-10043011.0  ,  -72567915.0
65675627.0  ,  -32024322.0
50541593.0  ,  52602117.0
-34277067.0  ,  64273771.0
-72233832.0  ,  -12622401.0
-10078051.0  ,  -72483589.0
65796077.0  ,  -32155706.0
50459455.0  ,  52640055.0
-34297336.0  ,  64397721.0
-72265055.0  ,  -12870777.0
-10210171.0  ,  -72275238.0
65602582.0  ,  -31885002.0
50501496.0  ,  52649897.0
-34327705.0  ,  64798018.0
-72195693.0  ,  -12863624.0
-10290541.0  ,  -72383408.0
65736211.0  ,  -31722163.0
50503693.0  ,  52630304.0
-34464486.0  ,  64814435.0
-71864639.0  ,  -12644463.0
-10184960.0  ,  -72361066.0
65875796.0  ,  -31773615.0
50873800.0  ,  52644466.0
-34472491.0  ,  64732398.0
-71993209.0  ,  -12645394.0
-9909128.0  ,  -72405472.0
65749911.0  ,  -31641622.0
50973167.0  ,  52593744.0
-34342758.0  ,  64540166.0
-72030227.0  ,  -12669469.0
-9840513.0  ,  -72515865.0
65669493.0  ,  -31953439.0
50979772.0  ,  52758250.0
-34444668.0  ,  64615132.0
-71918912.0  ,  -12904126.0
-9802437.0  ,  -72353870.0
65611703.0  ,  -32132121.0
50865790.0  ,  52782426.0
-34359561.0  ,  64509554.0
-72058904.0  ,  -12979217.0
-9997035.0  ,  -72293982.0
65844948.0  ,  -32112978.0
50723831.0  ,  52858441.0
-34381557.0  ,  64513488.0
-71875520.0  ,  -12908093.0
-10087409.0  ,  -72248612.0
65994492.0  ,  -32203567.0
50727221.0  ,  52730915.0
-34470388.0  ,  64634856.0
-71811116.0  ,  -12987536.0
-10096473.0  ,  -72358844.0
66055703.0  ,  -31989275.0
50758665.0  ,  52531971.0
-34424920.0  ,  64367880.0
-71819963.0  ,  -12910274.0
-10277065.0  ,  -72693479.0
65976988.0  ,  -31990817.0
50797195.0  ,  52580469.0
-34621932.0  ,  64275177.0
-71809817.0  ,  -12886917.0
-10169061.0  ,  -72708396.0
65547640.0  ,  -31964994.0
50679507.0  ,  52640134.0
-34613920.0  ,  64383868.0
-72138073.0  ,  -12706978.0
-10055985.0  ,  -72587747.0
65627024.0  ,  -32006494.0
50504478.0  ,  52814909.0
-34544645.0  ,  64216250.0
-72197590.0  ,  -12600501.0
-10090815.0  ,  -72317201.0
65761739.0  ,  -32023963.0
50524148.0  ,  52909427.0
-34334979.0  ,  64431977.0
-72144848.0  ,  -12814859.0
-10048011.0  ,  -72375079.0
65714869.0  ,  -31717019.0
50430841.0  ,  52708981.0
-34170006.0  ,  64631884.0
-72090553.0  ,  -12830386.0
-10118282.0  ,  -72387704.0
65885633.0  ,  -31779012.0
50529139.0  ,  52561643.0
-34411846.0  ,  64644618.0
-71938346.0  ,  -12924209.0
-10022306.0  ,  -72291203.0
65679871.0  ,  -31775549.0
50670117.0  ,  52472537.0
-34508043.0  ,  64704463.0
-71921325.0  ,  -12813967.0
-10012694.0  ,  -72426387.0
65626984.0  ,  -31642792.0
50698583.0  ,  52576403.0
-34550477.0  ,  64544105.0
-71839455.0  ,  -12631784.0
-9929649.0  ,  -72197168.0
65592886.0  ,  -31759320.0
50970405.0  ,  52739879.0
-34474017.0  ,  64493562.0
-71802818.0  ,  -12742447.0
-9746990.0  ,  -72189505.0
65564588.0  ,  -31831521.0
50883765.0  ,  52762787.0
-34143817.0  ,  64277520.0
-71776280.0  ,  -12849581.0
-9852685.0  ,  -72284797.0
65779406.0  ,  -32104544.0
50658540.0  ,  52708763.0
-34204195.0  ,  64268721.0
-71759594.0  ,  -13038670.0
-9892366.0  ,  -72124895.0
65722266.0  ,  -32215560.0
50531631.0  ,  52443400.0
-34343613.0  ,  64460088.0
-71832786.0  ,  -13051975.0
-10109019.0  ,  -72237049.0
65732615.0  ,  -31976116.0
50547717.0  ,  52465997.0
-34495057.0  ,  64191740.0
-71626157.0  ,  -12925412.0
-10383602.0  ,  -72297372.0
65746167.0  ,  -31930270.0
50682540.0  ,  52549975.0
-34587576.0  ,  64266365.0
-71617830.0  ,  -12752366.0
-10135842.0  ,  -72425757.0
65589788.0  ,  -31778192.0
50482305.0  ,  52526033.0
-34370645.0  ,  64201182.0
-71804245.0  ,  -12553379.0
-10023415.0  ,  -72513635.0
65611020.0  ,  -31871490.0
50519872.0  ,  52604026.0
-34411152.0  ,  64063649.0
-71915475.0  ,  -12676720.0
-9963686.0  ,  -72327645.0
65479499.0  ,  -31947655.0
50448168.0  ,  52500945.0
-34290870.0  ,  64186156.0
-72087682.0  ,  -12800673.0
-9999420.0  ,  -72266868.0
65434181.0  ,  -31777839.0
50244926.0  ,  52603250.0
-34240287.0  ,  64312780.0
-72061808.0  ,  -12792157.0
-10172985.0  ,  -72019528.0
65567901.0  ,  -31740053.0
50388814.0  ,  52620529.0
-34379505.0  ,  64605703.0
-71821533.0  ,  -12825617.0
-10031148.0  ,  -71962125.0
65668312.0  ,  -31592247.0
50418781.0  ,  52459087.0
-34260398.0  ,  64625955.0
-71614215.0  ,  -12706240.0
-10029157.0  ,  -72288341.0
65740745.0  ,  -31604594.0
50641885.0  ,  52496899.0
-34347683.0  ,  64375031.0
-71576193.0  ,  -12729845.0
-9786511.0  ,  -72211406.0
65477946.0  ,  -31651483.0
50870955.0  ,  52384776.0
-34409469.0  ,  64350485.0
-71795508.0  ,  -12794528.0
-9763079.0  ,  -72223173.0
65395096.0  ,  -31784492.0
50740459.0  ,  52568936.0
-34339343.0  ,  64161788.0
-71655975.0  ,  -12900948.0
-9939129.0  ,  -72072078.0
65511013.0  ,  -32090839.0
50653520.0  ,  52774050.0
-34323800.0  ,  64266207.0
-71664988.0  ,  -12917548.0
-9856749.0  ,  -71957060.0
65611951.0  ,  -32007838.0
50424375.0  ,  52598017.0
-34224389.0  ,  64279705.0
-71644991.0  ,  -12814312.0
-10032257.0  ,  -72120145.0
65865749.0  ,  -31934140.0
50496903.0  ,  52524735.0
-34293108.0  ,  64101250.0
-71514588.0  ,  -13021960.0
-10150948.0  ,  -72197293.0
65754676.0  ,  -31902030.0
50566810.0  ,  52319254.0
-34365374.0  ,  64153861.0
-71603085.0  ,  -12929816.0
-10091290.0  ,  -72479394.0
65534412.0  ,  -31805471.0
50274555.0  ,  52303725.0
-34566750.0  ,  64088586.0
-71658630.0  ,  -12739639.0
-10154881.0  ,  -72415016.0
65366796.0  ,  -31799551.0
50508805.0  ,  52591394.0
-34597910.0  ,  64126631.0
-71871678.0  ,  -12703489.0
-10006163.0  ,  -72164279.0
65323922.0  ,  -31701730.0
50322508.0  ,  52695331.0
-34320784.0  ,  64108839.0
-71942970.0  ,  -12539023.0
-9945226.0  ,  -72167854.0
65596883.0  ,  -31768309.0
50258857.0  ,  52717507.0
-34182415.0  ,  64166773.0
-71837202.0  ,  -12718143.0
-9874451.0  ,  -71993275.0
65595171.0  ,  -31632886.0
50350118.0  ,  52433482.0
-34151667.0  ,  64474746.0
-71913410.0  ,  -12941698.0
-9912452.0  ,  -72080899.0
65554842.0  ,  -31574120.0
50291193.0  ,  52367430.0
-34260100.0  ,  64440899.0
-71582650.0  ,  -12939128.0
-10015872.0  ,  -72125151.0
65476253.0  ,  -31709324.0
50543515.0  ,  52448691.0
-34557092.0  ,  64461756.0
-71583074.0  ,  -12817630.0
-9859954.0  ,  -71947098.0
65412126.0  ,  -31469320.0
50657545.0  ,  52413550.0
-34473672.0  ,  64304571.0
-71649125.0  ,  -12629888.0
-9863489.0  ,  -72045321.0
65484891.0  ,  -31606668.0
50729339.0  ,  52713707.0
-34309605.0  ,  64127699.0
-71342293.0  ,  -12808977.0
-9700746.0  ,  -72111052.0
65457775.0  ,  -31894420.0
50661161.0  ,  52660219.0
-34152675.0  ,  64113119.0
-71591607.0  ,  -12924398.0
-9683495.0  ,  -72086294.0
65623244.0  ,  -31975086.0
50369336.0  ,  52412307.0
-34209914.0  ,  63971295.0
-71685861.0  ,  -13039795.0
-9962580.0  ,  -72002115.0
65612571.0  ,  -32036853.0
50367964.0  ,  52419423.0
-34412617.0  ,  64112414.0
-71564444.0  ,  -13132392.0
-10122161.0  ,  -72014326.0
65498206.0  ,  -31825677.0
50257210.0  ,  52378047.0
-34465386.0  ,  64081722.0
-71478722.0  ,  -12815989.0
-10230654.0  ,  -72204700.0
65641500.0  ,  -31746047.0
50243872.0  ,  52469074.0
-34484309.0  ,  63985527.0
-71423272.0  ,  -12714923.0
-10106941.0  ,  -72189113.0
65421711.0  ,  -31529448.0
50424957.0  ,  52469490.0
-34297779.0  ,  64033234.0
-71683259.0  ,  -12680449.0
-9897745.0  ,  -72327497.0
65341283.0  ,  -31591372.0
50216304.0  ,  52406002.0
-34319462.0  ,  63882835.0
-71759135.0  ,  -12582631.0
-9802357.0  ,  -72171346.0
65349532.0  ,  -31856646.0
50226274.0  ,  52468450.0
-34313724.0  ,  64039202.0
-71897077.0  ,  -12841151.0
-9901903.0  ,  -71897576.0
65198624.0  ,  -31528218.0
50167764.0  ,  52518814.0
-34137910.0  ,  64297565.0
-71843784.0  ,  -12910601.0
-10052090.0  ,  -71867687.0
65440284.0  ,  -31532573.0
50126556.0  ,  52511466.0
-34294985.0  ,  64406197.0
-71392997.0  ,  -12792323.0
-9900970.0  ,  -71795742.0
65592719.0  ,  -31586446.0
50419330.0  ,  52354326.0
-34349861.0  ,  64360138.0
-71429453.0  ,  -12742139.0
-9769055.0  ,  -71982438.0
65536765.0  ,  -31375738.0
50548263.0  ,  52267457.0
-34263568.0  ,  64094650.0
-71405935.0  ,  -12786954.0
-9797258.0  ,  -72101346.0
65361281.0  ,  -31649745.0
50663602.0  ,  52397839.0
-34367083.0  ,  64111026.0
-71399431.0  ,  -12963967.0
-9701105.0  ,  -71978401.0
65210726.0  ,  -31796667.0
50547663.0  ,  52456210.0
-34312072.0  ,  63905743.0
-71566255.0  ,  -12897495.0
-9864202.0  ,  -71923851.0
65419770.0  ,  -31881816.0
50388150.0  ,  52640750.0
-34301936.0  ,  63855664.0
-71418418.0  ,  -12873247.0
-9874880.0  ,  -71796976.0
65457910.0  ,  -31932538.0
50254841.0  ,  52549305.0
-34196384.0  ,  64093956.0
-71412497.0  ,  -12940069.0
-9913000.0  ,  -71943254.0
65650551.0  ,  -31779755.0
50189859.0  ,  52306487.0
-34203753.0  ,  63855640.0
-71414911.0  ,  -12945171.0
-10215445.0  ,  -72137955.0
65676745.0  ,  -31716097.0
50295003.0  ,  52250622.0
-34413165.0  ,  63879521.0
-71355538.0  ,  -12970318.0
-10096980.0  ,  -72228809.0
65226098.0  ,  -31589333.0
50175173.0  ,  52240549.0
-34467292.0  ,  64050672.0
-71625818.0  ,  -12662894.0
-9970643.0  ,  -72230125.0
65201562.0  ,  -31606180.0
50166222.0  ,  52490584.0
-34499209.0  ,  63840003.0
-71637449.0  ,  -12531116.0
-9901258.0  ,  -71927195.0
65266457.0  ,  -31630159.0
50252952.0  ,  52597216.0
-34236919.0  ,  64015032.0
-71730608.0  ,  -12706469.0
-9844291.0  ,  -71910154.0
65347423.0  ,  -31420653.0
50133397.0  ,  52504822.0
-33988928.0  ,  64112844.0
-71667528.0  ,  -12794351.0
-9848492.0  ,  -71839516.0
65486428.0  ,  -31550734.0
50191259.0  ,  52368168.0
-34214120.0  ,  64250841.0
-71565145.0  ,  -12978160.0
-9740352.0  ,  -71774785.0
65358479.0  ,  -31577882.0
50270311.0  ,  52227660.0
-34277999.0  ,  64296466.0
-71431980.0  ,  -12951186.0
-9911660.0  ,  -71937804.0
65391989.0  ,  -31481824.0
50336300.0  ,  52338372.0
-34448159.0  ,  64184074.0
-71286470.0  ,  -12806513.0
-9843190.0  ,  -71781956.0
65326743.0  ,  -31514240.0
50614632.0  ,  52399049.0
-34472034.0  ,  64116211.0
-71348363.0  ,  -12761836.0
-9695686.0  ,  -71889445.0
65302432.0  ,  -31505545.0
50571764.0  ,  52484989.0
-34188450.0  ,  63824031.0
-71289271.0  ,  -12814909.0
-9733828.0  ,  -72026957.0
65440904.0  ,  -31868307.0
50419311.0  ,  52561314.0
-34164768.0  ,  63778893.0
-71408632.0  ,  -12978897.0
-9660201.0  ,  -71849315.0
65340285.0  ,  -31973839.0
50175925.0  ,  52321057.0
-34217436.0  ,  63908823.0
-71579873.0  ,  -13045749.0
-9963131.0  ,  -71909926.0
65472340.0  ,  -31805230.0
50134001.0  ,  52311472.0
-34375511.0  ,  63804482.0
-71393690.0  ,  -13006735.0
-10248418.0  ,  -71871666.0
65483897.0  ,  -31672770.0
50165032.0  ,  52355244.0
-34426794.0  ,  63966707.0
-71336741.0  ,  -12853390.0
-10067164.0  ,  -72066372.0
65368378.0  ,  -31495806.0
50005273.0  ,  52334572.0
-34333642.0  ,  63934685.0
-71391469.0  ,  -12603629.0
-9937707.0  ,  -72161196.0
65311169.0  ,  -31458622.0
50217192.0  ,  52405179.0
-34368996.0  ,  63857847.0
-71491118.0  ,  -12709085.0
-9796160.0  ,  -72049139.0
65159170.0  ,  -31521794.0
50180432.0  ,  52304760.0
-34275545.0  ,  63884456.0
-71720032.0  ,  -12713307.0
-9746688.0  ,  -71981346.0
65207034.0  ,  -31528778.0
50047916.0  ,  52440437.0
-34240278.0  ,  63901678.0
-71713881.0  ,  -12791254.0
-9859281.0  ,  -71648126.0
65202691.0  ,  -31489808.0
50127394.0  ,  52468436.0
-34209919.0  ,  64219573.0
-71571698.0  ,  -12909208.0
-9754709.0  ,  -71579766.0
65355727.0  ,  -31431374.0
50068258.0  ,  52373381.0
-34117433.0  ,  64247735.0
-71225882.0  ,  -12860562.0
-9840928.0  ,  -71815312.0
65536003.0  ,  -31473740.0
50319646.0  ,  52290613.0
-34298428.0  ,  64085416.0
-71103183.0  ,  -12879671.0
-9732124.0  ,  -71856612.0
65343100.0  ,  -31398903.0
50530660.0  ,  52090886.0
-34366644.0  ,  63955704.0
-71318915.0  ,  -12877846.0
-9723357.0  ,  -71989964.0
65197076.0  ,  -31537060.0
50415027.0  ,  52332083.0
-34324292.0  ,  63757871.0
-71181889.0  ,  -12953115.0
-9782605.0  ,  -71863195.0
65150652.0  ,  -31851398.0
50400986.0  ,  52556299.0
-34317425.0  ,  63782434.0
-71341693.0  ,  -12890238.0
-9718802.0  ,  -71750300.0
65274881.0  ,  -31755190.0
50091831.0  ,  52457118.0
-34198027.0  ,  63736002.0
-71369208.0  ,  -12824025.0
-9889185.0  ,  -71791929.0
65519306.0  ,  -31758463.0
50076423.0  ,  52403412.0
-34210605.0  ,  63740017.0
-71261097.0  ,  -13003152.0
-9935360.0  ,  -71791003.0
65478912.0  ,  -31657764.0
50052321.0  ,  52143682.0
-34206589.0  ,  63792772.0
-71334334.0  ,  -12975758.0
-10021521.0  ,  -72057652.0
65358183.0  ,  -31521186.0
49871811.0  ,  52137590.0
-34381379.0  ,  63785667.0
-71301077.0  ,  -12862057.0
-10063510.0  ,  -72026138.0
65069451.0  ,  -31432295.0
50088726.0  ,  52298936.0
-34515648.0  ,  63868668.0
-71446964.0  ,  -12758337.0
-9853594.0  ,  -71859822.0
65007251.0  ,  -31266102.0
50084080.0  ,  52431246.0
-34369293.0  ,  63791250.0
-71503181.0  ,  -12479876.0
-9729069.0  ,  -71823958.0
65250171.0  ,  -31457025.0
50084605.0  ,  52565185.0
-34158236.0  ,  63816896.0
-71433436.0  ,  -12726969.0
-9635256.0  ,  -71635394.0
65217008.0  ,  -31369090.0
50102199.0  ,  52368562.0
-33957095.0  ,  64078572.0
-71577488.0  ,  -12947333.0
-9666009.0  ,  -71703132.0
65280262.0  ,  -31454062.0
50003112.0  ,  52260858.0
-34125404.0  ,  64036571.0
-71205238.0  ,  -13046061.0
-9768010.0  ,  -71659280.0
65243500.0  ,  -31549821.0
50233557.0  ,  52224832.0
-34402614.0  ,  64120913.0
-71158689.0  ,  -12974924.0
-9737994.0  ,  -71618793.0
65250743.0  ,  -31340569.0
50259940.0  ,  52177470.0
-34423599.0  ,  63947092.0
-71177680.0  ,  -12742086.0
-9820196.0  ,  -71741387.0
65288088.0  ,  -31401952.0
50375860.0  ,  52436866.0
-34312160.0  ,  63728551.0
-70943494.0  ,  -12886594.0
-9680353.0  ,  -71785039.0
65200103.0  ,  -31575298.0
50424303.0  ,  52424640.0
-34128601.0  ,  63656663.0
-71205650.0  ,  -12880271.0
-9598452.0  ,  -71908216.0
65321826.0  ,  -31694068.0
50087836.0  ,  52287960.0
-34218087.0  ,  63439057.0
-71338161.0  ,  -12954524.0
-9739428.0  ,  -71760363.0
65248337.0  ,  -31828634.0
49999190.0  ,  52301090.0
-34301312.0  ,  63725904.0
-71351941.0  ,  -13158032.0
-9918421.0  ,  -71697413.0
65207834.0  ,  -31596412.0
49808049.0  ,  52256256.0
-34326149.0  ,  63775348.0
-71256799.0  ,  -12936171.0
-10158996.0  ,  -71804666.0
65394401.0  ,  -31483222.0
49866908.0  ,  52322082.0
-34386331.0  ,  63761639.0
-71167969.0  ,  -12787665.0
-10009763.0  ,  -71817660.0
65206675.0  ,  -31221683.0
50019290.0  ,  52250254.0
-34255868.0  ,  63837308.0
-71387586.0  ,  -12669670.0
-9787155.0  ,  -72046539.0
65141465.0  ,  -31197869.0
49971069.0  ,  52223748.0
-34293954.0  ,  63657848.0
-71287238.0  ,  -12659160.0
-9624186.0  ,  -71848385.0
65068048.0  ,  -31496152.0
50099722.0  ,  52269444.0
-34306505.0  ,  63778555.0
-71541496.0  ,  -12863604.0
-9630744.0  ,  -71627499.0
64939709.0  ,  -31295119.0
50002556.0  ,  52373393.0
-34086770.0  ,  63851484.0
-71561263.0  ,  -12913278.0
-9806192.0  ,  -71532078.0
65125883.0  ,  -31374993.0
49941264.0  ,  52486454.0
-34206366.0  ,  64029312.0
-71096814.0  ,  -12916395.0
-9600703.0  ,  -71379688.0
65292022.0  ,  -31457551.0
50099001.0  ,  52276635.0
-34205882.0  ,  64082452.0
-71024052.0  ,  -12904744.0
-9677378.0  ,  -71660941.0
65428071.0  ,  -31241452.0
50203317.0  ,  52127591.0
-34217475.0  ,  63759879.0
-70954830.0  ,  -12945641.0
-9740230.0  ,  -71815176.0
65232817.0  ,  -31409892.0
50352753.0  ,  52152966.0
-34341691.0  ,  63712723.0
-71025727.0  ,  -13038201.0
-9604070.0  ,  -71797112.0
64989505.0  ,  -31521838.0
50238168.0  ,  52201721.0
-34355302.0  ,  63519788.0
-71191295.0  ,  -12864322.0
-9772970.0  ,  -71748701.0
65180184.0  ,  -31695252.0
50104210.0  ,  52425915.0
-34380943.0  ,  63413000.0
-71127746.0  ,  -12875737.0
-9762314.0  ,  -71577879.0
65109202.0  ,  -31657287.0
49903744.0  ,  52451653.0
-34154244.0  ,  63678596.0
-71251359.0  ,  -12912129.0
-9794654.0  ,  -71698173.0
65377108.0  ,  -31540336.0
49777773.0  ,  52260949.0
-34110508.0  ,  63519661.0
-71180144.0  ,  -12939879.0
-9976484.0  ,  -71663716.0
65456927.0  ,  -31462474.0
49889835.0  ,  52099279.0
-34245979.0  ,  63664637.0
-71176181.0  ,  -13035344.0
-9925092.0  ,  -71857856.0
65060121.0  ,  -31270393.0
49750889.0  ,  52055402.0
-34315303.0  ,  63832698.0
-71261484.0  ,  -12799275.0
-9869732.0  ,  -71997139.0
64947156.0  ,  -31256681.0
49857853.0  ,  52220264.0
-34530320.0  ,  63671088.0
-71247478.0  ,  -12633972.0
-9731131.0  ,  -71593599.0
64968196.0  ,  -31238907.0
50101632.0  ,  52386066.0
-34295473.0  ,  63725036.0
-71382468.0  ,  -12694384.0
-9625754.0  ,  -71554551.0
65081841.0  ,  -31184010.0
49964011.0  ,  52463177.0
-33959576.0  ,  63702210.0
-71283840.0  ,  -12770439.0
-9548121.0  ,  -71513855.0
65164697.0  ,  -31367748.0
50007174.0  ,  52320043.0
-34074373.0  ,  63923625.0
-71190940.0  ,  -12971422.0
-9437938.0  ,  -71464270.0
65140644.0  ,  -31403520.0
50011089.0  ,  52094338.0
-34117700.0  ,  63879207.0
-71037843.0  ,  -13118968.0
-9730849.0  ,  -71590267.0
65202610.0  ,  -31393763.0
50076057.0  ,  52188680.0
-34348795.0  ,  63772816.0
-70900548.0  ,  -13042068.0
-9791839.0  ,  -71482299.0
65139949.0  ,  -31369725.0
50191330.0  ,  52127772.0
-34491090.0  ,  63758790.0
-70960998.0  ,  -12857258.0
-9703548.0  ,  -71624502.0
65138356.0  ,  -31298387.0
50203119.0  ,  52304587.0
-34244896.0  ,  63471405.0
-70848315.0  ,  -12837346.0
-9714944.0  ,  -71776021.0
65156799.0  ,  -31578531.0
50188705.0  ,  52461422.0
-34166405.0  ,  63384802.0
-71011453.0  ,  -12901088.0
-9529901.0  ,  -71726247.0
65046043.0  ,  -31639468.0
49856559.0  ,  52183098.0
-34185338.0  ,  63458272.0
-71326989.0  ,  -12942879.0
-9743293.0  ,  -71686492.0
65244315.0  ,  -31620078.0
49723283.0  ,  52149968.0
-34276824.0  ,  63447969.0
-71213464.0  ,  -13093186.0
-10014401.0  ,  -71460603.0
65178597.0  ,  -31466972.0
49771900.0  ,  52222400.0
-34318877.0  ,  63723645.0
-71168205.0  ,  -12928394.0
-9950491.0  ,  -71721020.0
65099533.0  ,  -31242127.0
49620150.0  ,  52230853.0
-34273934.0  ,  63696539.0
-71080017.0  ,  -12670360.0
-9875214.0  ,  -71790697.0
65101917.0  ,  -31113440.0
49925812.0  ,  52222295.0
-34309142.0  ,  63695148.0
-71183136.0  ,  -12749243.0
-9639812.0  ,  -71701407.0
65000574.0  ,  -31074913.0
49994678.0  ,  52136868.0
-34211369.0  ,  63651347.0
-71270026.0  ,  -12736602.0
-9530900.0  ,  -71726931.0
64994693.0  ,  -31284442.0
49947333.0  ,  52283290.0
-34213847.0  ,  63614348.0
-71263746.0  ,  -12855573.0
-9570399.0  ,  -71428172.0
64899201.0  ,  -31308236.0
50012295.0  ,  52344315.0
-34145368.0  ,  63823773.0
-71309345.0  ,  -13001237.0
-9540309.0  ,  -71341800.0
65012765.0  ,  -31291258.0
49874381.0  ,  52339922.0
-34065732.0  ,  63858373.0
-70903808.0  ,  -12958877.0
-9666826.0  ,  -71385070.0
65300906.0  ,  -31398081.0
50042818.0  ,  52247589.0
-34222642.0  ,  63837735.0
-70799590.0  ,  -13011651.0
-9654198.0  ,  -71451934.0
65288191.0  ,  -31263032.0
50111584.0  ,  51930478.0
-34264340.0  ,  63644248.0
-70938210.0  ,  -12968845.0
-9676285.0  ,  -71755238.0
65103578.0  ,  -31328625.0
50146112.0  ,  52134218.0
-34282471.0  ,  63399589.0
-70840483.0  ,  -13031481.0
-9717775.0  ,  -71727569.0
64904358.0  ,  -31561607.0
50158363.0  ,  52317502.0
-34372188.0  ,  63406013.0
-71098454.0  ,  -12895188.0
-9642346.0  ,  -71628617.0
65036081.0  ,  -31536764.0
49773000.0  ,  52280820.0
-34289387.0  ,  63331585.0
-71160710.0  ,  -12790439.0
-9799320.0  ,  -71565739.0
65201067.0  ,  -31549279.0
49734681.0  ,  52365290.0
-34184646.0  ,  63495673.0
-71096216.0  ,  -12991296.0
-9746019.0  ,  -71506105.0
65202238.0  ,  -31389625.0
49705713.0  ,  52140534.0
-34100443.0  ,  63567688.0
-71143494.0  ,  -12948133.0
-9832509.0  ,  -71698610.0
65211222.0  ,  -31285533.0
49599180.0  ,  52106229.0
-34213967.0  ,  63553956.0
-71077678.0  ,  -12966161.0
-9909502.0  ,  -71718427.0
64946009.0  ,  -31136083.0
49790263.0  ,  52058831.0
-34394249.0  ,  63741581.0
-71183569.0  ,  -12864102.0
-9729467.0  ,  -71640105.0
64866595.0  ,  -30968951.0
49813792.0  ,  52120593.0
-34406172.0  ,  63649549.0
-71110834.0  ,  -12584825.0
-9608162.0  ,  -71528617.0
65003682.0  ,  -31197289.0
49988584.0  ,  52411125.0
-34228612.0  ,  63556846.0
-71103390.0  ,  -12758036.0
-9428529.0  ,  -71359098.0
64938316.0  ,  -31151994.0
50002620.0  ,  52370013.0
-33904334.0  ,  63674319.0
-71228627.0  ,  -12936423.0
-9443648.0  ,  -71481017.0
65088402.0  ,  -31286010.0
49852599.0  ,  52238950.0
-34031155.0  ,  63681704.0
-70879146.0  ,  -13100832.0
-9496129.0  ,  -71341878.0
65144484.0  ,  -31474789.0
50018432.0  ,  52092531.0
-34263716.0  ,  63816315.0
-70891618.0  ,  -13171331.0
-9672029.0  ,  -71426048.0
65110307.0  ,  -31275509.0
49924765.0  ,  52038475.0
-34341311.0  ,  63556646.0
-70817717.0  ,  -12946525.0
-9798260.0  ,  -71532560.0
65103424.0  ,  -31317213.0
50049536.0  ,  52242704.0
-34394784.0  ,  63482520.0
-70719844.0  ,  -12955179.0
-9675660.0  ,  -71556818.0
65008153.0  ,  -31304719.0
50091782.0  ,  52253464.0
-34206376.0  ,  63343829.0
-70904041.0  ,  -12808061.0
-9568446.0  ,  -71714973.0
65119309.0  ,  -31400498.0
49793732.0  ,  52176522.0
-34231209.0  ,  63109635.0
-70975440.0  ,  -12858637.0
-9614744.0  ,  -71649378.0
65009820.0  ,  -31573192.0
49731546.0  ,  52179536.0
-34194700.0  ,  63424340.0
-71225816.0  ,  -13100207.0
-9655767.0  ,  -71471423.0
64937935.0  ,  -31401704.0
49515525.0  ,  52177984.0
-34190561.0  ,  63426416.0
-71182044.0  ,  -13025136.0
-9886153.0  ,  -71406599.0
65030371.0  ,  -31369186.0
49901658.0  ,  52254342.0
-34904548.0  ,  63141902.0
-70434104.0  ,  -12738534.0
-11846399.0  ,  -72142262.0
66230797.0  ,  -29427317.0
46029864.0  ,  52097636.0
-28737491.0  ,  68304077.0
-75677121.0  ,  -13410100.0
10562857.0  ,  -67333929.0
13224906.0  ,  -63331611.0
-41363565.0  ,  127239560.0
-36929333.0  ,  28502885.0
-49446335.0  ,  -16553149.0
65096973.0  ,  -85829324.0
144324199.0  ,  -8007152.0
44445392.0  ,  158317241.0
-155555286.0  ,  62498453.0
-103388695.0  ,  -122047303.0
77932693.0  ,  -142847468.0
164926802.0  ,  35596339.0
18208782.0  ,  164140371.0
-137557775.0  ,  58833446.0
-146251715.0  ,  -99631808.0
2446092.0  ,  -79432915.0
36982087.0  ,  -55654614.0
12212370.0  ,  60915672.0
-5489216.0  ,  -7823011.0
-27478283.0  ,  -24981541.0
35563149.0  ,  -34175462.0
33760804.0  ,  20698146.0
-2605815.0  ,  40728256.0
-43107477.0  ,  7054694.0
-19038482.0  ,  -36758043.0
32836190.0  ,  -31385575.0
47387538.0  ,  16666268.0
-3906980.0  ,  50518002.0
-11207854.0  ,  28948079.0
-18148598.0  ,  4465696.0
-2031140.0  ,  -2972837.0
2906279.0  ,  -4159857.0
2817359.0  ,  3612970.0
-1629465.0  ,  1921981.0
-3676277.0  ,  -364882.0
417308.0  ,  -3747438.0
2551729.0  ,  72193.0
1144909.0  ,  2919700.0
-3084191.0  ,  2390674.0
-3834571.0  ,  -2671573.0
729908.0  ,  -3508659.0
3424896.0  ,  -2089265.0
2100747.0  ,  732128.0
778576.0  ,  1137585.0
-729424.0  ,  506874.0
-192361.0  ,  120108.0
-201768.0  ,  58913.0
27254.0  ,  473312.0
-400015.0  ,  379469.0
-349592.0  ,  268683.0
-216710.0  ,  57157.0
24763.0  ,  289617.0
-56398.0  ,  532256.0
-270544.0  ,  588237.0
-492558.0  ,  287622.0
-391993.0  ,  195400.0
-238012.0  ,  100632.0
-93465.0  ,  245030.0
-23716.0  ,  306934.0
-71994.0  ,  344095.0
-94597.0  ,  317071.0
-118267.0  ,  297743.0
-39751.0  ,  324562.0
-58626.0  ,  327358.0
-61900.0  ,  347870.0
-53942.0  ,  338492.0
3121.0  ,  328620.0
3287.0  ,  388827.0
