-10570.0  ,  -7151.0
-4028.0  ,  -7083.0
-2946.0  ,  -10696.0
-9303.0  ,  -5379.0
-205.0  ,  -8525.0
-9895.0  ,  -9187.0
-1926.0  ,  -6443.0
-3131.0  ,  -12513.0
-8136.0  ,  -4406.0
532.0  ,  -10051.0
-7457.0  ,  -8642.0
299.0  ,  -6858.0
-942.0  ,  -12535.0
-8402.0  ,  -4049.0
2550.0  ,  -11053.0
-6331.0  ,  -9690.0
2474.0  ,  -7917.0
421.0  ,  -10718.0
-6018.0  ,  -7811.0
4032.0  ,  -9511.0
-5385.0  ,  -11545.0
4708.0  ,  -7126.0
923.0  ,  -11258.0
-3162.0  ,  -8224.0
4664.0  ,  -8696.0
-3511.0  ,  -12187.0
5158.0  ,  -5887.0
2138.0  ,  -12903.0
-2165.0  ,  -7063.0
6598.0  ,  -9084.0
-2201.0  ,  -10665.0
7273.0  ,  -5128.0
3006.0  ,  -11666.0
-2700.0  ,  -7002.0
8872.0  ,  -8657.0
-861.0  ,  -10512.0
9277.0  ,  -3882.0
3131.0  ,  -10334.0
1222.0  ,  -8214.0
8814.0  ,  -6763.0
1580.0  ,  -11208.0
9740.0  ,  -1622.0
5100.0  ,  -10395.0
3279.0  ,  -6367.0
8920.0  ,  -6055.0
3580.0  ,  -10552.0
9518.0  ,  -934.0
7554.0  ,  -10697.0
3389.0  ,  -4795.0
10797.0  ,  -5192.0
3282.0  ,  -9092.0
10969.0  ,  586.0
7071.0  ,  -9377.0
4018.0  ,  -5344.0
11970.0  ,  -3704.0
4408.0  ,  -7615.0
11077.0  ,  2693.0
6629.0  ,  -9635.0
6902.0  ,  -2945.0
11491.0  ,  -2778.0
7335.0  ,  -6076.0
9487.0  ,  4112.0
9231.0  ,  -7780.0
6373.0  ,  -518.0
11761.0  ,  -1873.0
7812.0  ,  -4252.0
9949.0  ,  4917.0
10641.0  ,  -6006.0
5763.0  ,  224.0
12330.0  ,  -332.0
6555.0  ,  -4211.0
10284.0  ,  7108.0
9815.0  ,  -6094.0
6843.0  ,  1391.0
11640.0  ,  673.0
6788.0  ,  -1817.0
8632.0  ,  7984.0
10726.0  ,  -6052.0
7309.0  ,  4368.0
12115.0  ,  2470.0
7587.0  ,  809.0
6896.0  ,  7898.0
11496.0  ,  -2430.0
5073.0  ,  5383.0
11867.0  ,  3545.0
6675.0  ,  2490.0
6783.0  ,  9299.0
11381.0  ,  -367.0
4684.0  ,  6026.0
11092.0  ,  4435.0
5084.0  ,  2581.0
6660.0  ,  10722.0
10983.0  ,  -318.0
4004.0  ,  7935.0
10110.0  ,  5082.0
4522.0  ,  4308.0
4069.0  ,  10649.0
11438.0  ,  490.0
2591.0  ,  9512.0
9908.0  ,  6991.0
2686.0  ,  6323.0
3655.0  ,  9647.0
10023.0  ,  3884.0
639.0  ,  9323.0
8719.0  ,  8395.0
846.0  ,  6088.0
3701.0  ,  11625.0
8118.0  ,  5445.0
-246.0  ,  9405.0
8055.0  ,  8059.0
491.0  ,  6288.0
1799.0  ,  12571.0
7822.0  ,  5221.0
-1853.0  ,  10381.0
7512.0  ,  8043.0
-1701.0  ,  7216.0
983.0  ,  11086.0
7452.0  ,  6568.0
-3759.0  ,  9818.0
5600.0  ,  10084.0
-4095.0  ,  6483.0
1439.0  ,  11163.0
3921.0  ,  8226.0
-5156.0  ,  9524.0
2853.0  ,  11348.0
-5047.0  ,  5328.0
-1018.0  ,  12358.0
2203.0  ,  7449.0
-5758.0  ,  9362.0
2645.0  ,  9798.0
-5660.0  ,  6037.0
-3133.0  ,  12235.0
1490.0  ,  7490.0
-7473.0  ,  8769.0
2774.0  ,  10040.0
-7999.0  ,  5140.0
-2681.0  ,  10485.0
650.0  ,  8027.0
-8692.0  ,  7129.0
-676.0  ,  10519.0
-8275.0  ,  2974.0
-3148.0  ,  11464.0
-3521.0  ,  6856.0
-10030.0  ,  6721.0
-3437.0  ,  9409.0
-8248.0  ,  1916.0
-6149.0  ,  11831.0
-4068.0  ,  4821.0
-10417.0  ,  6228.0
-2459.0  ,  7207.0
-10093.0  ,  1525.0
-7774.0  ,  10263.0
-4641.0  ,  4588.0
-10624.0  ,  4701.0
-2826.0  ,  8571.0
-11035.0  ,  -541.0
-6361.0  ,  9483.0
-6447.0  ,  3879.0
-10608.0  ,  2894.0
-6173.0  ,  7017.0
-9338.0  ,  -2120.0
-8386.0  ,  9411.0
-7237.0  ,  905.0
-11856.0  ,  1748.0
-6516.0  ,  3993.0
-9592.0  ,  -2197.0
-11026.0  ,  7683.0
-6940.0  ,  -1027.0
-12601.0  ,  688.0
-5511.0  ,  3375.0
-11228.0  ,  -4282.0
-10391.0  ,  5535.0
-7448.0  ,  -1529.0
-11199.0  ,  205.0
-6070.0  ,  3211.0
-10154.0  ,  -6689.0
-9921.0  ,  5741.0
-7388.0  ,  -3665.0
-11253.0  ,  -992.0
-7978.0  ,  262.0
-8096.0  ,  -6234.0
-12223.0  ,  3941.0
-6018.0  ,  -5870.0
-11712.0  ,  -2529.0
-5890.0  ,  -1961.0
-8755.0  ,  -6789.0
-12116.0  ,  580.0
-5078.0  ,  -7035.0
-11435.0  ,  -5223.0
-4805.0  ,  -1609.0
-9152.0  ,  -9865.0
-10596.0  ,  -307.0
-4949.0  ,  -8277.0
-9903.0  ,  -3854.0
-5039.0  ,  -3010.0
-6174.0  ,  -10595.0
-10425.0  ,  -340.0
-3605.0  ,  -9604.0
-10170.0  ,  -4845.0
-4510.0  ,  -5842.0
-5381.0  ,  -9029.0
-11013.0  ,  -3351.0
-1029.0  ,  -9382.0
-9136.0  ,  -7657.0
-2316.0  ,  -6039.0
-5756.0  ,  -10337.0
-8041.0  ,  -6346.0
39.0  ,  -10661.0
-7266.0  ,  -9005.0
-526.0  ,  -5252.0
-4292.0  ,  -13521.0
-6831.0  ,  -5411.0
1423.0  ,  -11517.0
-7182.0  ,  -7000.0
-318.0  ,  -6900.0
-1728.0  ,  -12352.0
-6668.0  ,  -6222.0
3175.0  ,  -11173.0
-7248.0  ,  -8629.0
2274.0  ,  -8308.0
-1971.0  ,  -10527.0
-5134.0  ,  -8685.0
4314.0  ,  -9441.0
-4690.0  ,  -10839.0
3773.0  ,  -6565.0
-1204.0  ,  -12906.0
-815.0  ,  -8421.0
5543.0  ,  -10095.0
-1786.0  ,  -10081.0
4664.0  ,  -5620.0
2177.0  ,  -14023.0
-112.0  ,  -7064.0
8251.0  ,  -10145.0
-3235.0  ,  -8264.0
6486.0  ,  -6325.0
3175.0  ,  -11903.0
1359.0  ,  -7337.0
8721.0  ,  -8352.0
-1613.0  ,  -10138.0
8455.0  ,  -4926.0
2345.0  ,  -11820.0
3782.0  ,  -7315.0
8414.0  ,  -6672.0
2325.0  ,  -10569.0
8089.0  ,  -3186.0
5422.0  ,  -13063.0
5322.0  ,  -5078.0
9641.0  ,  -6713.0
3086.0  ,  -8336.0
8783.0  ,  -2619.0
7863.0  ,  -10736.0
6263.0  ,  -3281.0
12171.0  ,  -5065.0
1409.0  ,  -7538.0
11028.0  ,  -1115.0
7337.0  ,  -8877.0
7638.0  ,  -2485.0
11026.0  ,  -3829.0
3781.0  ,  -8207.0
11153.0  ,  776.0
7764.0  ,  -9435.0
8678.0  ,  -898.0
10628.0  ,  -2735.0
7793.0  ,  -5772.0
9823.0  ,  1571.0
11146.0  ,  -8547.0
7417.0  ,  1560.0
12134.0  ,  -1830.0
6240.0  ,  -3210.0
10752.0  ,  2527.0
11677.0  ,  -5000.0
7297.0  ,  3324.0
12749.0  ,  -44.0
4586.0  ,  -2852.0
11596.0  ,  5480.0
9738.0  ,  -3846.0
8309.0  ,  5714.0
10999.0  ,  760.0
6385.0  ,  -2574.0
9767.0  ,  6947.0
10599.0  ,  -3917.0
7208.0  ,  7177.0
11108.0  ,  1388.0
8073.0  ,  1441.0
8918.0  ,  6123.0
12645.0  ,  -524.0
4602.0  ,  7774.0
11945.0  ,  3390.0
5781.0  ,  2888.0
9379.0  ,  7646.0
10725.0  ,  2056.0
4137.0  ,  9501.0
11065.0  ,  4713.0
4449.0  ,  2154.0
8108.0  ,  10776.0
8417.0  ,  1839.0
3180.0  ,  11707.0
9700.0  ,  3893.0
4661.0  ,  3898.0
5876.0  ,  10752.0
8933.0  ,  3565.0
481.0  ,  11720.0
9841.0  ,  5772.0
3144.0  ,  7071.0
5738.0  ,  9919.0
8220.0  ,  7060.0
-1290.0  ,  9909.0
9312.0  ,  8895.0
798.0  ,  6543.0
5407.0  ,  12131.0
5845.0  ,  6972.0
-1857.0  ,  11291.0
7649.0  ,  8636.0
239.0  ,  5941.0
2449.0  ,  12615.0
3945.0  ,  5790.0
-4363.0  ,  12631.0
7716.0  ,  7009.0
-1043.0  ,  7306.0
662.0  ,  12033.0
2608.0  ,  7475.0
-6572.0  ,  10496.0
6169.0  ,  9240.0
-3726.0  ,  7914.0
998.0  ,  11833.0
111.0  ,  8795.0
-6395.0  ,  8522.0
3251.0  ,  11479.0
-4973.0  ,  6231.0
-322.0  ,  13423.0
-1206.0  ,  7602.0
-7489.0  ,  9584.0
1664.0  ,  10370.0
-6101.0  ,  5522.0
-2983.0  ,  12538.0
-2691.0  ,  5475.0
-10000.0  ,  8955.0
3409.0  ,  9342.0
-8055.0  ,  5718.0
-3945.0  ,  10821.0
-4815.0  ,  5280.0
-9724.0  ,  6427.0
470.0  ,  10977.0
-9646.0  ,  4006.0
-4332.0  ,  11239.0
-6922.0  ,  4020.0
-9386.0  ,  5085.0
-3299.0  ,  10002.0
-8763.0  ,  2111.0
-7184.0  ,  11628.0
-6812.0  ,  1988.0
-11171.0  ,  5837.0
-4155.0  ,  7905.0
-9838.0  ,  1082.0
-7747.0  ,  9682.0
-7134.0  ,  192.0
-12143.0  ,  3951.0
-2714.0  ,  8231.0
-11790.0  ,  -318.0
-7328.0  ,  7789.0
-8542.0  ,  -1797.0
-10699.0  ,  2434.0
-4917.0  ,  7514.0
-11194.0  ,  -2432.0
-9069.0  ,  7672.0
-8144.0  ,  -4262.0
-10536.0  ,  1413.0
-7739.0  ,  4485.0
-9766.0  ,  -3095.0
-10934.0  ,  5978.0
-7072.0  ,  -5078.0
-12500.0  ,  995.0
-6834.0  ,  2476.0
-10140.0  ,  -4133.0
-10137.0  ,  4647.0
-6671.0  ,  -6400.0
-12366.0  ,  -282.0
-6408.0  ,  2371.0
-10543.0  ,  -6499.0
-9322.0  ,  3014.0
-6018.0  ,  -8784.0
-11036.0  ,  -148.0
-7408.0  ,  827.0
-9477.0  ,  -7849.0
-10519.0  ,  656.0
-3646.0  ,  -9756.0
-11396.0  ,  -1480.0
-6453.0  ,  -2671.0
-8302.0  ,  -7564.0
-10308.0  ,  -1816.0
-2641.0  ,  -9608.0
-11743.0  ,  -4242.0
-5018.0  ,  -3191.0
-7905.0  ,  -8657.0
-9042.0  ,  -1649.0
-2097.0  ,  -10899.0
-11114.0  ,  -4720.0
-4592.0  ,  -4303.0
-6701.0  ,  -9667.0
-7891.0  ,  -2278.0
142.0  ,  -11922.0
-11091.0  ,  -3892.0
-4138.0  ,  -5962.0
-5554.0  ,  -10534.0
-6479.0  ,  -5223.0
1564.0  ,  -10532.0
-10590.0  ,  -6325.0
-1254.0  ,  -7426.0
-4736.0  ,  -10913.0
-4844.0  ,  -6682.0
2579.0  ,  -9936.0
-8398.0  ,  -8887.0
255.0  ,  -6771.0
-3684.0  ,  -11501.0
-3551.0  ,  -5902.0
3761.0  ,  -11675.0
-7331.0  ,  -8722.0
1173.0  ,  -7130.0
-2621.0  ,  -11234.0
-2621.0  ,  -5824.0
5603.0  ,  -10818.0
-8374.0  ,  -8590.0
2981.0  ,  -7766.0
-1135.0  ,  -11599.0
383.0  ,  -6872.0
5690.0  ,  -8653.0
-5685.0  ,  -10077.0
5308.0  ,  -6855.0
569.0  ,  -12424.0
2422.0  ,  -6181.0
5747.0  ,  -9144.0
-2392.0  ,  -10831.0
5941.0  ,  -5827.0
1470.0  ,  -11889.0
2511.0  ,  -5491.0
8640.0  ,  -9740.0
-2168.0  ,  -10105.0
7309.0  ,  -5800.0
1636.0  ,  -11174.0
3741.0  ,  -4986.0
9024.0  ,  -7419.0
-1791.0  ,  -10770.0
9188.0  ,  -4548.0
3518.0  ,  -10897.0
6045.0  ,  -3383.0
7970.0  ,  -6974.0
1511.0  ,  -10580.0
10267.0  ,  -2812.0
6496.0  ,  -10643.0
6454.0  ,  -1809.0
9530.0  ,  -6797.0
3316.0  ,  -8433.0
9752.0  ,  -1859.0
6717.0  ,  -9132.0
6613.0  ,  -1043.0
11735.0  ,  -5665.0
3742.0  ,  -7805.0
10814.0  ,  -855.0
5550.0  ,  -8884.0
7837.0  ,  530.0
10723.0  ,  -4051.0
4609.0  ,  -7277.0
10997.0  ,  1299.0
7843.0  ,  -7682.0
7900.0  ,  2550.0
10041.0  ,  -3749.0
6738.0  ,  -5472.0
10827.0  ,  3301.0
9824.0  ,  -5413.0
6715.0  ,  3664.0
11939.0  ,  -3335.0
7137.0  ,  -2448.0
11011.0  ,  3715.0
9057.0  ,  -3459.0
6588.0  ,  5227.0
13325.0  ,  -572.0
6866.0  ,  -1200.0
10716.0  ,  4836.0
7999.0  ,  -4212.0
7302.0  ,  6955.0
11265.0  ,  62.0
7100.0  ,  -533.0
9296.0  ,  6266.0
9947.0  ,  -2282.0
5138.0  ,  8466.0
11437.0  ,  -443.0
7413.0  ,  1845.0
8368.0  ,  7717.0
9642.0  ,  798.0
4145.0  ,  7832.0
12809.0  ,  2201.0
5352.0  ,  4522.0
8621.0  ,  9155.0
7727.0  ,  1582.0
3837.0  ,  9309.0
12160.0  ,  4762.0
4625.0  ,  5043.0
7659.0  ,  9179.0
6680.0  ,  818.0
2589.0  ,  11785.0
10899.0  ,  4100.0
4501.0  ,  6111.0
6470.0  ,  9093.0
7964.0  ,  3849.0
381.0  ,  10730.0
11270.0  ,  4865.0
2018.0  ,  7484.0
5057.0  ,  10107.0
5399.0  ,  6024.0
276.0  ,  9770.0
9730.0  ,  8549.0
-330.0  ,  8144.0
3883.0  ,  12142.0
3407.0  ,  5202.0
-745.0  ,  11445.0
7801.0  ,  9071.0
-1324.0  ,  8145.0
2850.0  ,  11348.0
3122.0  ,  4535.0
-3367.0  ,  12814.0
7418.0  ,  8456.0
-2759.0  ,  8792.0
2354.0  ,  10578.0
1301.0  ,  6667.0
-4547.0  ,  10091.0
6571.0  ,  9981.0
-4956.0  ,  7847.0
797.0  ,  11685.0
-1393.0  ,  6807.0
-4145.0  ,  9583.0
3117.0  ,  11606.0
-6331.0  ,  6622.0
-1734.0  ,  12285.0
-2106.0  ,  4695.0
-6360.0  ,  11563.0
1019.0  ,  10298.0
-8196.0  ,  6709.0
-2125.0  ,  10652.0
-2482.0  ,  4513.0
-9167.0  ,  10612.0
817.0  ,  9606.0
-9791.0  ,  5804.0
-1105.0  ,  10435.0
-5114.0  ,  4932.0
-7884.0  ,  7812.0
-1038.0  ,  10348.0
-9832.0  ,  3401.0
-4321.0  ,  11038.0
-6736.0  ,  3540.0
-8003.0  ,  8287.0
-4464.0  ,  9291.0
-10232.0  ,  1993.0
-6544.0  ,  9410.0
-6057.0  ,  1455.0
-11317.0  ,  7776.0
-5005.0  ,  6609.0
-12367.0  ,  873.0
-5934.0  ,  7763.0
-6635.0  ,  601.0
-12053.0  ,  5282.0
-5225.0  ,  5620.0
-12538.0  ,  -934.0
-5138.0  ,  8762.0
-8945.0  ,  -801.0
-10309.0  ,  4870.0
-7095.0  ,  5254.0
-11155.0  ,  -2319.0
-9273.0  ,  7334.0
-8176.0  ,  -2897.0
-11926.0  ,  4960.0
-8289.0  ,  2357.0
-10382.0  ,  -3141.0
-9669.0  ,  4330.0
-7018.0  ,  -3652.0
-13503.0  ,  2143.0
-6961.0  ,  -406.0
-11881.0  ,  -5422.0
-7472.0  ,  3670.0
-7554.0  ,  -5431.0
-12713.0  ,  -265.0
-6765.0  ,  -1525.0
-10887.0  ,  -6892.0
-7203.0  ,  4309.0
-7385.0  ,  -7747.0
-11490.0  ,  -20.0
-7315.0  ,  -3727.0
-8993.0  ,  -6895.0
-10149.0  ,  736.0
-5678.0  ,  -8127.0
-13289.0  ,  -827.0
-5961.0  ,  -5396.0
-8707.0  ,  -7100.0
-9005.0  ,  -1842.0
-5024.0  ,  -8377.0
-13254.0  ,  -4881.0
-3767.0  ,  -6255.0
-8591.0  ,  -9744.0
-6606.0  ,  -1097.0
-3933.0  ,  -10731.0
-10074.0  ,  -5352.0
-2795.0  ,  -7543.0
-6367.0  ,  -10734.0
-6753.0  ,  -792.0
-1912.0  ,  -12201.0
-9927.0  ,  -4775.0
-1683.0  ,  -9278.0
-5591.0  ,  -9547.0
-6646.0  ,  -5260.0
-692.0  ,  -10686.0
-10147.0  ,  -7966.0
1269.0  ,  -8779.0
-5427.0  ,  -10480.0
-3974.0  ,  -6974.0
-544.0  ,  -11023.0
-8135.0  ,  -10115.0
2680.0  ,  -8236.0
-4453.0  ,  -12200.0
-2160.0  ,  -4575.0
1879.0  ,  -12464.0
-5103.0  ,  -8716.0
4261.0  ,  -9135.0
-2613.0  ,  -11029.0
-2929.0  ,  -5127.0
4566.0  ,  -12062.0
-5165.0  ,  -8320.0
7059.0  ,  -9128.0
-2221.0  ,  -10612.0
-6.0  ,  -7850.0
4465.0  ,  -10172.0
-2699.0  ,  -11002.0
8151.0  ,  -6441.0
-477.0  ,  -12111.0
2736.0  ,  -6502.0
4759.0  ,  -10955.0
1.0  ,  -11525.0
8234.0  ,  -5624.0
1487.0  ,  -12614.0
3349.0  ,  -4362.0
7246.0  ,  -10623.0
915.0  ,  -8255.0
10784.0  ,  -5458.0
1247.0  ,  -10900.0
3512.0  ,  -4919.0
9420.0  ,  -8665.0
1752.0  ,  -7859.0
12586.0  ,  -2947.0
1923.0  ,  -10664.0
6691.0  ,  -4612.0
8346.0  ,  -7495.0
4703.0  ,  -8197.0
11022.0  ,  -637.0
5327.0  ,  -11048.0
7510.0  ,  -1880.0
9401.0  ,  -8235.0
6321.0  ,  -6499.0
10757.0  ,  -471.0
7247.0  ,  -9912.0
6907.0  ,  -92.0
11598.0  ,  -6979.0
5505.0  ,  -3897.0
12785.0  ,  657.0
5734.0  ,  -8874.0
7912.0  ,  321.0
11269.0  ,  -4158.0
6014.0  ,  -2821.0
12362.0  ,  3659.0
6139.0  ,  -9005.0
9296.0  ,  2396.0
10890.0  ,  -3732.0
7834.0  ,  -429.0
10016.0  ,  4739.0
9175.0  ,  -6305.0
7563.0  ,  4379.0
12857.0  ,  -2975.0
7265.0  ,  1899.0
10342.0  ,  4302.0
10210.0  ,  -3791.0
6659.0  ,  5398.0
13249.0  ,  -933.0
5823.0  ,  2497.0
11189.0  ,  6641.0
8609.0  ,  -4083.0
7292.0  ,  6971.0
11474.0  ,  242.0
5051.0  ,  4594.0
9288.0  ,  7689.0
9474.0  ,  -4191.0
6642.0  ,  9284.0
11556.0  ,  1383.0
4445.0  ,  6864.0
7751.0  ,  7036.0
9998.0  ,  807.0
4343.0  ,  9145.0
12208.0  ,  3353.0
2571.0  ,  7663.0
7695.0  ,  8571.0
8251.0  ,  2475.0
3403.0  ,  9364.0
11351.0  ,  5564.0
1338.0  ,  7664.0
7611.0  ,  10495.0
7275.0  ,  2279.0
2446.0  ,  11042.0
9492.0  ,  4778.0
-975.0  ,  8866.0
6626.0  ,  9574.0
7496.0  ,  2806.0
904.0  ,  12080.0
8678.0  ,  6609.0
-2876.0  ,  9107.0
5926.0  ,  9139.0
5117.0  ,  5917.0
-599.0  ,  10745.0
7470.0  ,  8855.0
-4377.0  ,  8025.0
4245.0  ,  11073.0
3078.0  ,  6104.0
-1473.0  ,  10826.0
6159.0  ,  9013.0
-5381.0  ,  8273.0
2749.0  ,  12133.0
2480.0  ,  5477.0
-3145.0  ,  11866.0
5075.0  ,  7936.0
-7294.0  ,  8040.0
2668.0  ,  11057.0
1036.0  ,  6715.0
-4423.0  ,  11080.0
2869.0  ,  8789.0
-8707.0  ,  6435.0
2725.0  ,  11384.0
-2341.0  ,  7078.0
-5475.0  ,  10113.0
239.0  ,  9555.0
-8881.0  ,  4541.0
-360.0  ,  12299.0
-3635.0  ,  5481.0
-6325.0  ,  9972.0
-854.0  ,  8624.0
-10253.0  ,  4950.0
-2157.0  ,  11990.0
-3599.0  ,  4694.0
-7710.0  ,  9429.0
-801.0  ,  7340.0
-11771.0  ,  3245.0
-1135.0  ,  11244.0
-5518.0  ,  4744.0
-8005.0  ,  8150.0
-3225.0  ,  6561.0
-11260.0  ,  898.0
-2729.0  ,  11787.0
-7905.0  ,  2540.0
-9695.0  ,  7368.0
-5480.0  ,  5052.0
-10135.0  ,  683.0
-5949.0  ,  10576.0
-7573.0  ,  482.0
-10007.0  ,  6619.0
-5311.0  ,  3656.0
-12128.0  ,  -325.0
-6665.0  ,  9149.0
-7494.0  ,  -56.0
-9939.0  ,  5827.0
-5231.0  ,  3141.0
-12337.0  ,  -2009.0
-6439.0  ,  8990.0
-8690.0  ,  -1978.0
-10427.0  ,  4439.0
-6401.0  ,  829.0
-10581.0  ,  -2689.0
-8184.0  ,  8259.0
-8890.0  ,  -4346.0
-11751.0  ,  2821.0
-6332.0  ,  -1665.0
-10252.0  ,  -2747.0
-9699.0  ,  4858.0
-7547.0  ,  -5378.0
-11969.0  ,  1360.0
-5124.0  ,  -2617.0
-11540.0  ,  -5054.0
-9089.0  ,  3393.0
-7409.0  ,  -6104.0
-10921.0  ,  452.0
-5073.0  ,  -3492.0
-10499.0  ,  -6739.0
-8877.0  ,  3525.0
-7126.0  ,  -8060.0
-10879.0  ,  318.0
-4892.0  ,  -5774.0
-8294.0  ,  -6108.0
-10177.0  ,  1313.0
-5122.0  ,  -9215.0
-11331.0  ,  -2335.0
-2442.0  ,  -7003.0
-9182.0  ,  -6372.0
-8664.0  ,  -2005.0
-4031.0  ,  -10104.0
-10216.0  ,  -4808.0
-1554.0  ,  -6669.0
-9204.0  ,  -9302.0
-7306.0  ,  -2747.0
-3701.0  ,  -10676.0
-8508.0  ,  -4366.0
-1004.0  ,  -8385.0
-7375.0  ,  -9954.0
-6614.0  ,  -3919.0
-2115.0  ,  -11268.0
-9069.0  ,  -4361.0
975.0  ,  -9214.0
-6662.0  ,  -8668.0
-6198.0  ,  -5443.0
198.0  ,  -10915.0
-7409.0  ,  -7780.0
2698.0  ,  -8075.0
-6792.0  ,  -10644.0
-2839.0  ,  -6969.0
1213.0  ,  -12150.0
-4831.0  ,  -8059.0
3583.0  ,  -7715.0
-4845.0  ,  -12637.0
-1588.0  ,  -6143.0
2156.0  ,  -12084.0
-4868.0  ,  -6445.0
5377.0  ,  -9311.0
-3091.0  ,  -11819.0
-890.0  ,  -6860.0
3317.0  ,  -10968.0
-4813.0  ,  -7840.0
7636.0  ,  -8010.0
-3456.0  ,  -10703.0
1120.0  ,  -7351.0
4275.0  ,  -9960.0
-1154.0  ,  -9255.0
7380.0  ,  -5894.0
-1484.0  ,  -13271.0
4043.0  ,  -5890.0
5768.0  ,  -10474.0
949.0  ,  -7789.0
7945.0  ,  -6307.0
1636.0  ,  -13242.0
4784.0  ,  -4873.0
7983.0  ,  -10054.0
725.0  ,  -5740.0
10874.0  ,  -6243.0
2443.0  ,  -11570.0
6078.0  ,  -4670.0
7289.0  ,  -8405.0
1550.0  ,  -6597.0
11365.0  ,  -3354.0
2276.0  ,  -11144.0
7749.0  ,  -3197.0
8248.0  ,  -7662.0
5059.0  ,  -6133.0
9829.0  ,  -2176.0
5373.0  ,  -11772.0
7990.0  ,  -795.0
10002.0  ,  -6788.0
5054.0  ,  -3540.0
11245.0  ,  -2396.0
7833.0  ,  -9085.0
9074.0  ,  745.0
11188.0  ,  -5117.0
4149.0  ,  -2851.0
13249.0  ,  -372.0
7084.0  ,  -7807.0
9927.0  ,  2164.0
9161.0  ,  -5242.0
5641.0  ,  -2107.0
11876.0  ,  1884.0
7665.0  ,  -7424.0
9296.0  ,  3970.0
10568.0  ,  -4719.0
7910.0  ,  441.0
10567.0  ,  1450.0
10218.0  ,  -6043.0
7865.0  ,  5220.0
11843.0  ,  -2221.0
5904.0  ,  2032.0
12002.0  ,  2963.0
10002.0  ,  -2084.0
8224.0  ,  7171.0
11157.0  ,  448.0
4215.0  ,  2617.0
12464.0  ,  6016.0
8511.0  ,  -1638.0
7852.0  ,  9031.0
9834.0  ,  -1136.0
5224.0  ,  4361.0
10361.0  ,  6582.0
9161.0  ,  -372.0
5936.0  ,  9962.0
11423.0  ,  969.0
4804.0  ,  7067.0
9545.0  ,  5438.0
9599.0  ,  2251.0
4007.0  ,  9536.0
11055.0  ,  3995.0
2616.0  ,  6792.0
10353.0  ,  8241.0
6870.0  ,  4778.0
3667.0  ,  11346.0
8941.0  ,  4662.0
1435.0  ,  7028.0
8357.0  ,  10528.0
5155.0  ,  4889.0
1802.0  ,  13184.0
8521.0  ,  2843.0
327.0  ,  9138.0
6602.0  ,  9643.0
4967.0  ,  5976.0
411.0  ,  11922.0
9224.0  ,  5998.0
-1653.0  ,  9681.0
7320.0  ,  9810.0
2849.0  ,  8017.0
-702.0  ,  10643.0
6404.0  ,  8906.0
-2611.0  ,  8237.0
5905.0  ,  12444.0
271.0  ,  7339.0
-1913.0  ,  12092.0
4318.0  ,  7384.0
-4011.0  ,  8302.0
2655.0  ,  12659.0
-1309.0  ,  6681.0
-4486.0  ,  12466.0
5298.0  ,  5904.0
-6658.0  ,  9230.0
2041.0  ,  11034.0
-3038.0  ,  7653.0
-4584.0  ,  10775.0
3626.0  ,  8731.0
-7778.0  ,  7697.0
1909.0  ,  12345.0
-5657.0  ,  6679.0
-4436.0  ,  10022.0
-736.0  ,  9671.0
-7453.0  ,  6320.0
-1331.0  ,  14311.0
-6065.0  ,  4319.0
-6608.0  ,  10495.0
-1437.0  ,  6823.0
-9071.0  ,  6400.0
-3820.0  ,  11556.0
-7589.0  ,  3374.0
-8670.0  ,  9263.0
-464.0  ,  5672.0
-11816.0  ,  4765.0
-2981.0  ,  9764.0
-9811.0  ,  2529.0
-7907.0  ,  7649.0
-2876.0  ,  7298.0
-11487.0  ,  2528.0
-4731.0  ,  10749.0
-10258.0  ,  259.0
-8425.0  ,  7573.0
-6628.0  ,  5177.0
-10349.0  ,  2407.0
-8343.0  ,  9646.0
-8816.0  ,  -1893.0
-10850.0  ,  7027.0
-5613.0  ,  2402.0
-12379.0  ,  1800.0
-8228.0  ,  6607.0
-9566.0  ,  -3045.0
-10738.0  ,  5450.0
-4452.0  ,  1846.0
-13229.0  ,  -1477.0
-6926.0  ,  5450.0
-10806.0  ,  -5753.0
-9370.0  ,  4681.0
-6728.0  ,  1613.0
-11519.0  ,  -2975.0
-8697.0  ,  4758.0
-8727.0  ,  -7558.0
-10922.0  ,  3567.0
-7253.0  ,  -2001.0
-11152.0  ,  -2241.0
-10695.0  ,  1246.0
-6697.0  ,  -7533.0
-12852.0  ,  1490.0
-5707.0  ,  -3868.0
-12318.0  ,  -3728.0
-8702.0  ,  -53.0
-7282.0  ,  -9080.0
-11453.0  ,  284.0
-4745.0  ,  -3772.0
-10787.0  ,  -6396.0
-6868.0  ,  -868.0
-6351.0  ,  -11521.0
-10624.0  ,  1153.0
-4841.0  ,  -5699.0
-9522.0  ,  -7445.0
-7278.0  ,  -3271.0
-2906.0  ,  -11694.0
-11137.0  ,  -1778.0
-3067.0  ,  -7762.0
-9721.0  ,  -7320.0
-6507.0  ,  -5756.0
-2319.0  ,  -10318.0
-10962.0  ,  -4844.0
-1212.0  ,  -7483.0
-9661.0  ,  -9676.0
-4223.0  ,  -5749.0
-2060.0  ,  -12277.0
-9401.0  ,  -5110.0
-635.0  ,  -8245.0
-7422.0  ,  -9604.0
-2193.0  ,  -5546.0
-72.0  ,  -13063.0
-10000.0  ,  -3856.0
964.0  ,  -9686.0
-6050.0  ,  -9771.0
-283.0  ,  -7318.0
2250.0  ,  -11129.0
-8505.0  ,  -7151.0
3417.0  ,  -9441.0
-5679.0  ,  -11040.0
1965.0  ,  -7818.0
2355.0  ,  -10373.0
-5433.0  ,  -8851.0
4238.0  ,  -7981.0
-3955.0  ,  -12820.0
2810.0  ,  -6350.0
3687.0  ,  -12321.0
-4067.0  ,  -8313.0
5563.0  ,  -8346.0
-2633.0  ,  -11437.0
4515.0  ,  -5516.0
5254.0  ,  -11508.0
-4641.0  ,  -7849.0
7762.0  ,  -8251.0
-1314.0  ,  -10952.0
7100.0  ,  -5001.0
4793.0  ,  -9409.0
-1644.0  ,  -9410.0
8961.0  ,  -6801.0
941.0  ,  -12004.0
8447.0  ,  -2922.0
5773.0  ,  -9318.0
1458.0  ,  -8186.0
8577.0  ,  -5480.0
3271.0  ,  -11903.0
8222.0  ,  -1806.0
8236.0  ,  -9892.0
2120.0  ,  -6924.0
9914.0  ,  -4748.0
2605.0  ,  -10608.0
9211.0  ,  -953.0
8239.0  ,  -8458.0
2148.0  ,  -7154.0
11405.0  ,  -3585.0
3508.0  ,  -9303.0
10234.0  ,  1232.0
7186.0  ,  -8176.0
4430.0  ,  -5866.0
11776.0  ,  -1802.0
6458.0  ,  -8424.0
9367.0  ,  3151.0
8883.0  ,  -7393.0
6131.0  ,  -3134.0
11018.0  ,  -1298.0
7698.0  ,  -6458.0
9176.0  ,  3901.0
10927.0  ,  -5879.0
5495.0  ,  -2106.0
11801.0  ,  -146.0
6700.0  ,  -5821.0
9591.0  ,  5656.0
10635.0  ,  -5383.0
6079.0  ,  -1006.0
11789.0  ,  1580.0
7046.0  ,  -4219.0
8523.0  ,  7691.0
10628.0  ,  -5856.0
7354.0  ,  1155.0
11890.0  ,  3103.0
8332.0  ,  -1236.0
6816.0  ,  7725.0
11681.0  ,  -3420.0
5877.0  ,  3523.0
11399.0  ,  3562.0
7603.0  ,  556.0
6149.0  ,  8658.0
12378.0  ,  -444.0
4989.0  ,  4222.0
11080.0  ,  5094.0
6485.0  ,  811.0
6304.0  ,  10546.0
11432.0  ,  -593.0
4993.0  ,  5420.0
10096.0  ,  5593.0
6269.0  ,  1780.0
4047.0  ,  11317.0
12177.0  ,  -679.0
3832.0  ,  7431.0
9426.0  ,  7505.0
5068.0  ,  4750.0
3253.0  ,  9812.0
11841.0  ,  3185.0
1658.0  ,  8531.0
8898.0  ,  8712.0
3123.0  ,  5422.0
2414.0  ,  10964.0
9629.0  ,  4937.0
1006.0  ,  8134.0
7623.0  ,  8789.0
2526.0  ,  4879.0
1571.0  ,  13059.0
9055.0  ,  5061.0
-503.0  ,  9192.0
6839.0  ,  8641.0
1344.0  ,  6013.0
-457.0  ,  11542.0
9723.0  ,  5435.0
-2577.0  ,  9582.0
5408.0  ,  10135.0
-928.0  ,  6789.0
-296.0  ,  10478.0
6759.0  ,  8171.0
-4547.0  ,  9207.0
3505.0  ,  11890.0
-2991.0  ,  5492.0
-1104.0  ,  12125.0
3770.0  ,  8464.0
-5075.0  ,  8707.0
2255.0  ,  10664.0
-3693.0  ,  5316.0
-3821.0  ,  12921.0
3163.0  ,  7820.0
-6403.0  ,  8613.0
2941.0  ,  9716.0
-5332.0  ,  5705.0
-4057.0  ,  10346.0
2578.0  ,  8577.0
-7763.0  ,  7099.0
708.0  ,  11244.0
-7210.0  ,  3795.0
-3586.0  ,  10204.0
-1054.0  ,  8931.0
-9461.0  ,  5957.0
-2465.0  ,  11057.0
-6978.0  ,  2493.0
-5920.0  ,  11290.0
-2772.0  ,  6846.0
-10239.0  ,  5678.0
-2706.0  ,  9134.0
-8184.0  ,  2190.0
-8575.0  ,  10438.0
-2788.0  ,  6328.0
-10822.0  ,  4652.0
-1893.0  ,  9343.0
-10227.0  ,  858.0
-6896.0  ,  8281.0
-4335.0  ,  6256.0
-10835.0  ,  2804.0
-5222.0  ,  9064.0
-9406.0  ,  -1601.0
-7600.0  ,  8915.0
-6624.0  ,  3831.0
-10940.0  ,  1478.0
-7053.0  ,  6680.0
-8422.0  ,  -2218.0
-10750.0  ,  7797.0
-6724.0  ,  1266.0
-12795.0  ,  346.0
-6103.0  ,  4444.0
-9860.0  ,  -3406.0
-11837.0  ,  5503.0
-6490.0  ,  377.0
-11856.0  ,  -680.0
-5694.0  ,  5302.0
-10076.0  ,  -5750.0
-10217.0  ,  5218.0
-7512.0  ,  -1170.0
-10892.0  ,  -1438.0
-8625.0  ,  3012.0
-7755.0  ,  -6685.0
-11842.0  ,  5121.0
-7060.0  ,  -3286.0
-10900.0  ,  -3406.0
-7951.0  ,  202.0
-7710.0  ,  -6358.0
-13114.0  ,  1303.0
-5505.0  ,  -5224.0
-11846.0  ,  -6052.0
-5420.0  ,  -809.0
-7970.0  ,  -8716.0
-11959.0  ,  -545.0
-5138.0  ,  -6515.0
-10221.0  ,  -5563.0
-5581.0  ,  -749.0
-6678.0  ,  -10843.0
-11229.0  ,  -284.0
-4668.0  ,  -8069.0
-9673.0  ,  -5331.0
-7048.0  ,  -3831.0
-4334.0  ,  -9676.0
-11881.0  ,  -2306.0
-2358.0  ,  -8555.0
-9261.0  ,  -7121.0
-4395.0  ,  -5559.0
-4639.0  ,  -9676.0
-10387.0  ,  -6094.0
-757.0  ,  -9410.0
-7566.0  ,  -9729.0
-2669.0  ,  -4453.0
-3619.0  ,  -12506.0
-8335.0  ,  -5901.0
364.0  ,  -10485.0
-6242.0  ,  -8778.0
-1745.0  ,  -4818.0
-1377.0  ,  -13423.0
-8025.0  ,  -5712.0
2231.0  ,  -10867.0
-6498.0  ,  -8375.0
-206.0  ,  -7198.0
-767.0  ,  -10962.0
-7347.0  ,  -8278.0
4005.0  ,  -9537.0
-5167.0  ,  -10690.0
1793.0  ,  -7107.0
-560.0  ,  -11806.0
-3764.0  ,  -9308.0
5193.0  ,  -8883.0
-2544.0  ,  -11213.0
2631.0  ,  -5265.0
2242.0  ,  -13344.0
-1336.0  ,  -8210.0
7575.0  ,  -9703.0
-2169.0  ,  -9611.0
4192.0  ,  -5385.0
4426.0  ,  -12365.0
-813.0  ,  -7695.0
9035.0  ,  -8616.0
-2552.0  ,  -9496.0
6541.0  ,  -5593.0
3316.0  ,  -10649.0
977.0  ,  -8897.0
9148.0  ,  -6407.0
1000.0  ,  -11609.0
7282.0  ,  -4268.0
4644.0  ,  -11933.0
3831.0  ,  -7630.0
9115.0  ,  -5886.0
3006.0  ,  -9962.0
7378.0  ,  -2414.0
8379.0  ,  -11581.0
4635.0  ,  -4943.0
12034.0  ,  -5049.0
2142.0  ,  -8228.0
8929.0  ,  -1975.0
8550.0  ,  -8700.0
5555.0  ,  -4617.0
12517.0  ,  -3032.0
1817.0  ,  -8723.0
10463.0  ,  -43.0
7565.0  ,  -8669.0
7518.0  ,  -3488.0
11138.0  ,  -1896.0
6738.0  ,  -7930.0
9526.0  ,  1230.0
10061.0  ,  -8792.0
7637.0  ,  -438.0
11343.0  ,  -1409.0
7436.0  ,  -5096.0
9392.0  ,  2031.0
12455.0  ,  -6104.0
6889.0  ,  1427.0
12875.0  ,  425.0
5244.0  ,  -5059.0
10428.0  ,  4223.0
10325.0  ,  -3923.0
7728.0  ,  3297.0
11797.0  ,  2344.0
6204.0  ,  -5554.0
10065.0  ,  6922.0
10383.0  ,  -4182.0
8056.0  ,  5193.0
10667.0  ,  2094.0
9264.0  ,  -1429.0
8241.0  ,  6612.0
12793.0  ,  -2314.0
5490.0  ,  6584.0
11418.0  ,  3146.0
7717.0  ,  1118.0
8354.0  ,  7196.0
12742.0  ,  1060.0
4203.0  ,  7678.0
11635.0  ,  5666.0
5214.0  ,  598.0
7838.0  ,  9897.0
9655.0  ,  1812.0
3925.0  ,  9650.0
9947.0  ,  5359.0
5746.0  ,  1099.0
5730.0  ,  11485.0
9993.0  ,  2128.0
1822.0  ,  11113.0
9128.0  ,  5925.0
5980.0  ,  5436.0
4406.0  ,  9855.0
10381.0  ,  5492.0
-668.0  ,  10040.0
9113.0  ,  8144.0
3280.0  ,  6064.0
4698.0  ,  10871.0
8729.0  ,  6704.0
-1296.0  ,  10148.0
7911.0  ,  9722.0
1947.0  ,  5273.0
2831.0  ,  12528.0
5785.0  ,  5561.0
-3601.0  ,  12024.0
7492.0  ,  8011.0
1603.0  ,  5910.0
365.0  ,  12333.0
4748.0  ,  6621.0
-6229.0  ,  10827.0
6878.0  ,  8932.0
-1198.0  ,  8077.0
212.0  ,  11384.0
2379.0  ,  9142.0
-6953.0  ,  8225.0
4458.0  ,  11460.0
-3188.0  ,  6758.0
-305.0  ,  12396.0
844.0  ,  8549.0
-7294.0  ,  8758.0
2405.0  ,  11576.0
-4136.0  ,  5692.0
-2824.0  ,  12945.0
-323.0  ,  6459.0
-9572.0  ,  8769.0
3283.0  ,  10102.0
-5481.0  ,  5984.0
-4451.0  ,  11205.0
-2208.0  ,  6040.0
-10505.0  ,  6444.0
2093.0  ,  11037.0
-7961.0  ,  5059.0
-4485.0  ,  10853.0
-4830.0  ,  6236.0
-10170.0  ,  4097.0
-1726.0  ,  11388.0
-8080.0  ,  2858.0
-6086.0  ,  11440.0
-5675.0  ,  4492.0
-10719.0  ,  4648.0
-3555.0  ,  10247.0
-8420.0  ,  1546.0
-7987.0  ,  10222.0
-5614.0  ,  2742.0
-12521.0  ,  3341.0
-2553.0  ,  9810.0
-10079.0  ,  1134.0
-7352.0  ,  8425.0
-6963.0  ,  404.0
-11564.0  ,  1901.0
-3619.0  ,  9604.0
-10893.0  ,  -1366.0
-9227.0  ,  7755.0
-8038.0  ,  -1822.0
-10400.0  ,  541.0
-7491.0  ,  6999.0
-9513.0  ,  -2888.0
-10581.0  ,  6897.0
-7045.0  ,  -2839.0
-11767.0  ,  -468.0
-7544.0  ,  4655.0
-9133.0  ,  -3911.0
-11165.0  ,  5016.0
-6331.0  ,  -4203.0
-12656.0  ,  -1347.0
-6372.0  ,  4801.0
-9926.0  ,  -5455.0
-9684.0  ,  4155.0
-6387.0  ,  -6340.0
-11268.0  ,  -1527.0
-7672.0  ,  4074.0
-9495.0  ,  -7826.0
-11019.0  ,  1749.0
-4959.0  ,  -7669.0
-10743.0  ,  -2187.0
-8044.0  ,  -154.0
-7638.0  ,  -7488.0
-11581.0  ,  -799.0
-3245.0  ,  -8347.0
-11347.0  ,  -4543.0
-6457.0  ,  -1351.0
-7126.0  ,  -8310.0
-10513.0  ,  -1132.0
-2741.0  ,  -9318.0
-11059.0  ,  -5774.0
-6200.0  ,  -1650.0
-6427.0  ,  -10329.0
-9312.0  ,  -1346.0
-806.0  ,  -10707.0
-10043.0  ,  -5136.0
-6417.0  ,  -3521.0
-4883.0  ,  -11388.0
-8675.0  ,  -4281.0
1433.0  ,  -10335.0
-9996.0  ,  -5908.0
-3893.0  ,  -6271.0
-3685.0  ,  -10665.0
-7470.0  ,  -6153.0
2452.0  ,  -9582.0
-8415.0  ,  -9014.0
-1870.0  ,  -5910.0
-2967.0  ,  -11072.0
-5989.0  ,  -5972.0
3095.0  ,  -10884.0
-7607.0  ,  -9759.0
-982.0  ,  -6005.0
-1690.0  ,  -11777.0
-5237.0  ,  -5672.0
5305.0  ,  -10749.0
-7569.0  ,  -8400.0
102.0  ,  -7380.0
-545.0  ,  -11512.0
-2684.0  ,  -7114.0
6484.0  ,  -8616.0
-6693.0  ,  -10212.0
3321.0  ,  -7556.0
1007.0  ,  -12176.0
-369.0  ,  -7519.0
6316.0  ,  -7937.0
-3377.0  ,  -11622.0
4208.0  ,  -5882.0
2322.0  ,  -12055.0
805.0  ,  -6548.0
8307.0  ,  -8839.0
-1948.0  ,  -11185.0
5214.0  ,  -5662.0
3170.0  ,  -11095.0
1207.0  ,  -5743.0
9865.0  ,  -7399.0
-2127.0  ,  -10613.0
7080.0  ,  -5163.0
4143.0  ,  -10550.0
3796.0  ,  -5646.0
8965.0  ,  -5430.0
58.0  ,  -11641.0
8977.0  ,  -3575.0
6405.0  ,  -10608.0
5294.0  ,  -3408.0
9232.0  ,  -5532.0
2776.0  ,  -10253.0
8789.0  ,  -2226.0
7100.0  ,  -9579.0
4946.0  ,  -2579.0
12118.0  ,  -5032.0
3390.0  ,  -8951.0
9651.0  ,  -1565.0
6741.0  ,  -8282.0
5946.0  ,  -1658.0
11751.0  ,  -2824.0
3461.0  ,  -9210.0
10465.0  ,  270.0
7449.0  ,  -8348.0
7370.0  ,  473.0
10249.0  ,  -2492.0
6572.0  ,  -8271.0
10394.0  ,  2761.0
9857.0  ,  -6279.0
6499.0  ,  2313.0
11601.0  ,  -2639.0
7231.0  ,  -5138.0
10108.0  ,  3703.0
10146.0  ,  -4571.0
5890.0  ,  2973.0
13265.0  ,  -73.0
7107.0  ,  -3517.0
10193.0  ,  4774.0
8840.0  ,  -4549.0
6595.0  ,  4817.0
11920.0  ,  1536.0
7427.0  ,  -2772.0
9177.0  ,  6450.0
10225.0  ,  -3473.0
5909.0  ,  6932.0
10819.0  ,  864.0
8707.0  ,  -981.0
7829.0  ,  7262.0
10823.0  ,  -313.0
3972.0  ,  7174.0
12442.0  ,  2390.0
7097.0  ,  2126.0
7889.0  ,  9272.0
9464.0  ,  1691.0
3514.0  ,  7541.0
12400.0  ,  5288.0
5868.0  ,  3081.0
7217.0  ,  9699.0
7949.0  ,  439.0
2827.0  ,  10030.0
10493.0  ,  5438.0
5874.0  ,  4020.0
5722.0  ,  9783.0
9248.0  ,  2296.0
585.0  ,  10504.0
10627.0  ,  5057.0
4514.0  ,  5763.0
4042.0  ,  10098.0
7686.0  ,  5787.0
-173.0  ,  9037.0
10235.0  ,  8038.0
1812.0  ,  7207.0
3433.0  ,  11688.0
5281.0  ,  5707.0
-706.0  ,  10083.0
8320.0  ,  9979.0
616.0  ,  6937.0
1946.0  ,  12422.0
4253.0  ,  3964.0
-2981.0  ,  12082.0
7043.0  ,  9152.0
-560.0  ,  7690.0
1322.0  ,  11121.0
4494.0  ,  6548.0
-4979.0  ,  10304.0
6919.0  ,  9552.0
-2923.0  ,  7711.0
